Nombre del problema: random-graph-250-01.txt
250 10 3049
1 13
1 21
1 23
1 65
1 66
1 67
1 73
1 74
1 75
1 76
1 83
1 108
1 121
1 130
1 140
1 141
1 151
1 163
1 172
1 177
1 186
1 198
1 202
1 207
1 210
1 215
1 219
1 226
2 6
2 14
2 26
2 29
2 36
2 37
2 40
2 68
2 71
2 72
2 73
2 76
2 79
2 82
2 83
2 85
2 108
2 111
2 113
2 117
2 121
2 123
2 133
2 146
2 149
2 153
2 179
2 190
2 208
2 209
2 227
2 228
3 50
3 58
3 75
3 89
3 94
3 97
3 101
3 106
3 110
3 111
3 120
3 128
3 136
3 139
3 154
3 161
3 162
3 237
3 243
4 6
4 14
4 40
4 53
4 77
4 81
4 83
4 84
4 89
4 94
4 95
4 122
4 126
4 136
4 144
4 150
4 166
4 169
4 170
4 179
4 196
4 205
4 221
4 223
4 238
4 248
5 21
5 29
5 38
5 53
5 87
5 98
5 100
5 102
5 107
5 119
5 135
5 147
5 149
5 150
5 171
5 181
5 182
5 185
5 202
5 238
5 241
5 244
5 248
6 11
6 18
6 61
6 75
6 88
6 97
6 135
6 138
6 140
6 151
6 168
6 175
6 177
6 180
6 192
6 210
6 216
6 218
6 227
6 229
6 230
6 240
6 247
7 15
7 30
7 31
7 32
7 37
7 41
7 52
7 68
7 80
7 93
7 116
7 124
7 132
7 137
7 146
7 171
7 179
7 180
7 185
7 225
7 228
7 231
8 21
8 30
8 34
8 39
8 47
8 57
8 62
8 75
8 78
8 96
8 97
8 106
8 115
8 116
8 127
8 134
8 156
8 170
8 171
8 172
8 192
8 208
8 216
8 234
8 249
9 13
9 17
9 18
9 33
9 36
9 49
9 53
9 86
9 111
9 121
9 141
9 143
9 150
9 152
9 186
9 189
9 214
9 223
9 227
9 232
9 234
9 236
10 19
10 33
10 38
10 50
10 58
10 59
10 63
10 66
10 68
10 73
10 92
10 129
10 147
10 160
10 166
10 171
10 176
10 187
10 222
10 231
10 239
10 241
10 244
10 246
10 250
11 17
11 33
11 52
11 75
11 104
11 125
11 129
11 181
11 185
11 209
11 211
11 214
11 228
11 230
11 249
12 45
12 57
12 90
12 102
12 110
12 114
12 118
12 125
12 129
12 136
12 154
12 175
12 179
12 183
12 187
12 201
12 207
12 239
12 244
12 248
13 95
13 102
13 131
13 140
13 142
13 143
13 171
13 210
13 219
13 220
13 249
14 45
14 71
14 84
14 85
14 98
14 106
14 111
14 124
14 142
14 150
14 172
14 181
14 182
14 185
14 198
14 199
14 215
14 236
14 243
15 30
15 32
15 36
15 43
15 57
15 72
15 78
15 92
15 104
15 136
15 154
15 176
15 182
15 184
15 187
15 199
15 244
16 22
16 24
16 34
16 40
16 51
16 53
16 70
16 75
16 82
16 83
16 86
16 88
16 102
16 104
16 108
16 126
16 136
16 144
16 149
16 195
16 202
16 217
17 20
17 27
17 38
17 44
17 61
17 80
17 108
17 111
17 112
17 124
17 125
17 135
17 146
17 153
17 158
17 164
17 207
17 220
17 225
17 230
17 233
18 23
18 35
18 44
18 51
18 64
18 84
18 105
18 106
18 110
18 118
18 122
18 132
18 134
18 136
18 139
18 156
18 237
18 241
18 242
18 246
19 27
19 28
19 30
19 41
19 44
19 51
19 53
19 56
19 59
19 75
19 78
19 88
19 98
19 110
19 118
19 121
19 126
19 137
19 138
19 140
19 141
19 161
19 194
19 195
19 208
19 214
19 215
19 220
19 227
19 243
19 246
19 249
20 25
20 26
20 58
20 63
20 70
20 101
20 114
20 118
20 121
20 130
20 142
20 146
20 155
20 173
20 194
20 195
20 217
20 225
21 37
21 53
21 83
21 84
21 87
21 108
21 110
21 116
21 123
21 140
21 142
21 155
21 160
21 183
21 192
21 200
22 34
22 52
22 55
22 66
22 75
22 89
22 92
22 102
22 146
22 149
22 153
22 162
22 164
22 196
22 199
22 203
22 227
22 228
22 236
22 242
22 244
23 30
23 32
23 46
23 54
23 61
23 64
23 73
23 75
23 82
23 88
23 95
23 97
23 98
23 104
23 117
23 130
23 147
23 149
23 158
23 161
23 168
23 179
23 232
23 243
24 36
24 47
24 48
24 58
24 80
24 93
24 101
24 115
24 123
24 132
24 143
24 157
24 181
24 203
24 214
24 229
25 29
25 33
25 37
25 59
25 88
25 116
25 122
25 123
25 134
25 143
25 152
25 157
25 161
25 164
25 171
25 175
25 182
25 190
25 191
25 194
25 206
25 208
25 234
26 33
26 40
26 54
26 55
26 77
26 84
26 94
26 102
26 113
26 124
26 137
26 161
26 173
26 175
26 182
26 190
26 194
26 198
26 199
26 209
26 217
26 233
26 239
26 250
27 38
27 39
27 68
27 69
27 75
27 98
27 106
27 107
27 114
27 137
27 150
27 169
27 178
27 182
27 187
27 189
27 202
27 214
27 236
27 244
28 36
28 37
28 45
28 46
28 111
28 123
28 125
28 127
28 147
28 162
28 179
28 203
28 205
28 209
28 225
28 247
29 43
29 47
29 53
29 55
29 64
29 66
29 67
29 81
29 91
29 105
29 111
29 116
29 118
29 147
29 149
29 155
29 158
29 181
29 188
29 204
29 210
29 221
30 45
30 58
30 70
30 71
30 87
30 107
30 111
30 115
30 121
30 148
30 152
30 164
30 189
30 205
31 65
31 73
31 77
31 91
31 93
31 96
31 102
31 104
31 108
31 109
31 123
31 130
31 134
31 138
31 153
31 161
31 164
31 184
31 192
31 206
31 219
31 220
31 227
31 229
31 231
31 249
32 45
32 48
32 56
32 60
32 63
32 66
32 69
32 81
32 84
32 88
32 105
32 108
32 128
32 132
32 139
32 150
32 160
32 168
32 180
32 189
32 202
32 219
32 233
33 41
33 52
33 65
33 73
33 74
33 79
33 81
33 83
33 85
33 97
33 104
33 110
33 125
33 131
33 137
33 140
33 145
33 152
33 159
33 163
33 175
33 181
33 183
33 184
33 208
33 214
33 219
33 222
33 237
34 43
34 51
34 60
34 75
34 92
34 93
34 96
34 99
34 102
34 111
34 120
34 133
34 134
34 143
34 154
34 156
34 159
34 168
34 183
34 187
34 192
34 202
34 213
34 221
34 228
34 230
35 47
35 57
35 68
35 73
35 90
35 95
35 98
35 114
35 122
35 147
35 156
35 191
35 210
35 218
35 227
35 230
35 249
36 44
36 70
36 86
36 90
36 109
36 117
36 131
36 133
36 142
36 146
36 147
36 149
36 159
36 161
36 171
36 174
36 180
36 204
36 220
36 223
36 241
37 38
37 40
37 43
37 52
37 53
37 66
37 89
37 99
37 103
37 111
37 114
37 131
37 154
37 159
37 161
37 167
37 174
37 194
37 201
37 208
37 211
37 214
37 238
38 39
38 40
38 49
38 67
38 76
38 84
38 89
38 95
38 146
38 152
38 167
38 177
38 178
38 180
38 188
38 192
38 199
38 224
38 228
38 238
38 239
38 241
39 78
39 81
39 99
39 126
39 141
39 157
39 162
39 177
39 182
39 189
39 215
39 217
39 238
39 244
40 49
40 60
40 116
40 144
40 147
40 148
40 176
40 195
40 206
40 215
40 221
40 228
40 230
40 245
41 47
41 67
41 74
41 87
41 93
41 99
41 135
41 153
41 156
41 173
41 188
41 202
41 227
41 233
41 247
42 51
42 57
42 58
42 65
42 67
42 71
42 72
42 76
42 77
42 82
42 86
42 87
42 90
42 91
42 103
42 112
42 115
42 126
42 137
42 140
42 143
42 144
42 150
42 166
42 172
42 178
42 185
42 189
42 194
42 215
42 231
42 235
42 248
43 45
43 48
43 49
43 73
43 84
43 85
43 93
43 97
43 106
43 118
43 122
43 132
43 143
43 156
43 164
43 172
43 177
43 202
43 206
43 213
43 244
44 62
44 83
44 93
44 95
44 99
44 142
44 161
44 181
44 189
44 194
44 197
44 226
44 230
44 238
44 244
45 47
45 52
45 67
45 71
45 79
45 92
45 96
45 110
45 111
45 120
45 126
45 132
45 135
45 138
45 147
45 168
45 195
45 199
45 201
45 202
45 205
45 208
45 228
45 237
45 239
45 242
45 244
45 245
45 246
46 60
46 67
46 75
46 84
46 85
46 87
46 93
46 100
46 105
46 108
46 114
46 126
46 132
46 138
46 155
46 156
46 163
46 164
46 174
46 181
46 183
46 187
46 197
46 199
46 206
46 217
47 51
47 53
47 55
47 67
47 74
47 75
47 90
47 103
47 106
47 107
47 114
47 116
47 119
47 120
47 122
47 123
47 145
47 178
47 220
47 222
47 228
47 231
47 234
47 235
47 242
47 246
48 57
48 63
48 79
48 82
48 95
48 99
48 143
48 158
48 170
48 171
48 177
48 184
48 193
48 195
48 214
48 221
48 239
49 96
49 98
49 111
49 113
49 156
49 172
49 174
49 189
49 196
49 202
49 244
50 51
50 53
50 60
50 63
50 71
50 81
50 106
50 122
50 127
50 139
50 165
50 170
50 176
50 207
50 209
50 220
50 228
50 238
50 240
50 242
50 247
51 59
51 72
51 74
51 89
51 91
51 104
51 109
51 133
51 148
51 158
51 178
51 184
51 187
51 192
51 197
51 199
51 200
51 218
51 227
52 53
52 60
52 69
52 73
52 77
52 84
52 89
52 108
52 114
52 123
52 134
52 135
52 147
52 178
52 182
52 202
52 204
52 212
52 235
52 241
52 242
53 55
53 60
53 74
53 75
53 78
53 81
53 83
53 89
53 90
53 100
53 113
53 130
53 142
53 153
53 172
53 179
53 206
53 226
53 227
53 232
53 237
53 239
53 242
53 243
54 75
54 76
54 77
54 80
54 86
54 87
54 104
54 139
54 140
54 157
54 169
54 172
54 175
54 176
54 185
54 223
54 240
54 242
55 63
55 68
55 80
55 96
55 97
55 107
55 112
55 113
55 114
55 116
55 129
55 157
55 170
55 199
55 216
55 217
55 228
55 239
55 247
56 70
56 81
56 97
56 105
56 106
56 115
56 122
56 129
56 160
56 170
56 187
56 234
56 235
56 241
56 250
57 60
57 66
57 105
57 152
57 159
57 164
57 168
57 170
57 172
57 178
57 179
57 182
57 183
57 201
57 202
57 204
57 212
57 220
57 228
57 230
57 237
57 246
58 64
58 80
58 86
58 87
58 108
58 120
58 122
58 131
58 132
58 133
58 136
58 139
58 143
58 145
58 176
58 183
58 191
58 196
58 197
58 202
58 205
58 224
58 229
58 231
58 232
58 235
58 240
58 243
58 244
59 78
59 82
59 84
59 96
59 101
59 119
59 120
59 121
59 125
59 135
59 142
59 172
59 187
59 188
59 190
59 194
59 227
59 239
59 245
60 61
60 66
60 71
60 100
60 108
60 115
60 120
60 145
60 150
60 151
60 181
60 184
60 188
60 222
60 244
61 69
61 75
61 79
61 83
61 94
61 103
61 112
61 113
61 122
61 124
61 125
61 142
61 145
61 173
61 175
61 191
61 198
61 204
61 213
61 223
61 224
61 226
61 235
61 236
61 246
62 66
62 71
62 82
62 93
62 94
62 97
62 99
62 106
62 110
62 118
62 124
62 133
62 141
62 165
62 169
62 171
62 172
62 176
62 199
62 214
62 221
62 223
62 238
62 239
62 246
62 247
63 71
63 86
63 102
63 113
63 121
63 135
63 145
63 180
63 181
63 184
63 189
63 202
63 206
63 243
63 244
63 248
64 71
64 82
64 91
64 94
64 124
64 132
64 142
64 144
64 146
64 154
64 159
64 185
64 188
64 211
64 228
64 239
65 73
65 77
65 92
65 98
65 111
65 121
65 128
65 142
65 159
65 169
65 179
65 202
65 207
65 209
65 223
65 226
65 228
65 249
66 83
66 86
66 90
66 103
66 116
66 118
66 126
66 159
66 193
66 197
66 199
66 201
66 203
66 236
67 77
67 88
67 95
67 99
67 100
67 112
67 116
67 121
67 123
67 127
67 130
67 131
67 135
67 137
67 139
67 140
67 156
67 158
67 175
67 187
67 199
67 203
67 214
67 241
68 70
68 73
68 82
68 83
68 96
68 99
68 101
68 104
68 117
68 123
68 127
68 138
68 145
68 159
68 160
68 165
68 194
68 196
68 206
69 73
69 98
69 117
69 121
69 124
69 126
69 169
69 174
69 200
69 201
69 208
69 209
69 211
69 215
69 222
69 236
69 247
70 82
70 83
70 94
70 100
70 101
70 109
70 115
70 121
70 140
70 146
70 154
70 156
70 164
70 170
70 176
70 187
70 189
70 193
70 202
70 209
70 216
71 74
71 81
71 85
71 87
71 88
71 114
71 122
71 123
71 143
71 146
71 147
71 151
71 171
71 188
71 192
71 202
71 219
71 225
71 235
71 239
71 243
71 245
71 248
72 76
72 86
72 99
72 150
72 153
72 170
72 190
72 191
72 200
72 241
72 246
73 79
73 84
73 100
73 116
73 120
73 124
73 131
73 150
73 166
73 168
73 173
73 220
73 238
73 242
74 76
74 83
74 93
74 112
74 144
74 163
74 165
74 205
74 212
74 239
74 240
74 244
75 81
75 90
75 97
75 124
75 133
75 179
75 182
75 183
75 188
75 194
75 202
75 219
75 221
75 236
75 240
75 245
76 86
76 87
76 96
76 104
76 110
76 128
76 132
76 166
76 192
76 195
76 209
76 211
76 216
76 217
76 222
76 225
76 228
76 231
76 232
76 238
76 239
76 250
77 81
77 90
77 101
77 138
77 160
77 176
77 195
77 205
77 219
77 222
77 224
77 229
77 231
77 233
77 245
77 249
78 82
78 84
78 107
78 118
78 119
78 128
78 136
78 142
78 143
78 153
78 157
78 173
78 201
78 246
78 247
79 93
79 108
79 120
79 138
79 140
79 141
79 150
79 164
79 167
79 194
79 203
79 213
79 221
79 227
79 231
80 97
80 107
80 113
80 124
80 129
80 131
80 133
80 137
80 157
80 160
80 167
80 173
80 178
80 191
80 201
80 206
80 219
80 223
80 244
81 93
81 108
81 114
81 118
81 131
81 132
81 160
81 167
81 168
81 170
81 182
81 183
81 192
81 193
81 208
81 246
81 248
82 94
82 112
82 114
82 123
82 153
82 160
82 163
82 165
82 166
82 177
82 188
82 192
82 193
82 210
82 218
82 231
82 244
82 245
83 104
83 124
83 137
83 145
83 148
83 156
83 188
83 196
83 207
83 226
83 229
83 239
83 240
84 89
84 111
84 114
84 137
84 139
84 155
84 159
84 191
84 192
84 199
84 216
84 219
84 226
84 228
84 239
84 249
85 88
85 99
85 103
85 122
85 124
85 139
85 140
85 146
85 153
85 172
85 173
85 197
85 217
85 219
86 108
86 116
86 123
86 127
86 145
86 149
86 158
86 171
86 173
86 179
86 197
86 198
86 202
86 215
86 226
86 227
87 101
87 112
87 115
87 116
87 117
87 134
87 137
87 139
87 158
87 162
87 167
87 170
87 182
87 195
87 196
87 197
87 204
87 205
87 210
87 212
87 242
88 89
88 98
88 105
88 106
88 120
88 129
88 131
88 172
88 174
88 178
88 192
88 198
88 207
88 208
88 213
88 243
88 244
88 245
89 92
89 94
89 106
89 128
89 131
89 135
89 144
89 151
89 152
89 163
89 172
89 183
89 197
89 198
89 214
89 221
89 225
89 233
89 240
90 94
90 100
90 107
90 114
90 123
90 131
90 139
90 144
90 154
90 157
90 162
90 170
90 183
90 204
90 207
90 227
90 230
90 232
90 237
91 102
91 118
91 128
91 155
91 159
91 162
91 175
91 178
91 181
91 189
91 191
91 197
91 211
91 222
91 223
91 231
91 233
91 239
92 96
92 109
92 111
92 116
92 120
92 128
92 130
92 164
92 191
92 204
92 212
92 215
92 217
92 218
92 230
92 231
93 94
93 115
93 117
93 118
93 123
93 131
93 188
93 193
93 199
93 205
93 214
93 222
93 231
93 236
93 243
94 96
94 100
94 106
94 110
94 111
94 112
94 137
94 142
94 157
94 171
94 173
94 185
94 187
94 198
94 223
94 240
94 244
95 112
95 125
95 147
95 155
95 181
95 186
95 188
95 193
95 194
95 199
95 202
95 203
95 234
95 248
95 250
96 120
96 126
96 129
96 136
96 141
96 152
96 199
96 230
96 233
96 241
96 245
96 246
97 98
97 112
97 113
97 117
97 121
97 128
97 157
97 163
97 171
97 194
97 204
97 209
97 210
97 213
97 221
97 225
97 242
97 244
97 248
98 128
98 129
98 142
98 152
98 154
98 158
98 166
98 177
98 187
98 191
98 198
98 200
98 203
98 208
98 211
98 213
98 217
98 226
98 230
98 231
99 101
99 104
99 107
99 119
99 125
99 160
99 179
99 182
99 187
99 189
99 204
99 218
99 230
100 116
100 123
100 127
100 140
100 144
100 151
100 155
100 162
100 188
100 194
100 195
100 199
100 208
100 232
100 237
101 103
101 116
101 117
101 126
101 137
101 146
101 149
101 168
101 169
101 176
101 201
102 112
102 125
102 135
102 142
102 155
102 156
102 163
102 177
102 185
102 194
102 206
102 246
103 119
103 128
103 137
103 164
103 169
103 177
103 179
103 186
103 189
103 191
103 194
103 196
103 217
103 239
103 250
104 106
104 107
104 108
104 115
104 121
104 135
104 137
104 145
104 146
104 156
104 180
104 186
104 212
104 229
104 230
104 241
105 112
105 135
105 144
105 147
105 152
105 161
105 198
105 216
105 219
105 223
105 225
105 227
106 108
106 114
106 119
106 135
106 140
106 141
106 150
106 156
106 163
106 170
106 183
106 190
106 199
106 201
106 205
106 212
106 230
106 231
106 247
107 110
107 114
107 115
107 118
107 147
107 153
107 154
107 156
107 161
107 167
107 185
107 187
107 204
107 215
107 230
108 120
108 137
108 139
108 145
108 162
108 164
108 171
108 180
108 184
108 193
108 206
108 208
108 225
108 226
108 229
108 232
108 246
109 149
109 152
109 161
109 185
109 188
109 195
109 196
109 242
109 245
110 114
110 120
110 143
110 145
110 150
110 151
110 153
110 156
110 161
110 172
110 177
110 182
110 201
110 203
110 205
110 231
110 236
110 243
111 140
111 160
111 163
111 192
111 199
111 210
111 211
111 218
111 220
111 223
111 228
111 232
111 240
111 249
111 250
112 114
112 122
112 127
112 138
112 144
112 156
112 160
112 165
112 193
112 195
112 211
112 222
112 235
112 239
112 247
113 136
113 148
113 149
113 155
113 159
113 176
113 179
113 190
113 194
113 207
113 216
113 219
114 132
114 135
114 137
114 155
114 176
114 190
114 191
114 195
114 207
114 217
114 219
114 240
114 243
115 130
115 164
115 178
115 181
115 202
115 203
115 212
115 230
116 122
116 155
116 156
116 161
116 164
116 172
116 178
116 182
116 188
116 191
116 194
116 199
116 203
116 212
116 224
116 231
116 234
117 137
117 140
117 141
117 144
117 150
117 176
117 177
117 189
117 191
117 225
117 232
118 121
118 123
118 132
118 148
118 167
118 168
118 177
118 178
118 207
118 228
118 248
119 120
119 148
119 152
119 154
119 161
119 165
119 170
119 192
119 225
119 238
120 121
120 137
120 145
120 153
120 160
120 168
120 189
120 200
120 206
120 225
120 230
120 236
120 240
120 248
121 131
121 132
121 144
121 149
121 153
121 159
121 174
121 185
121 187
121 190
121 192
121 193
122 131
122 136
122 140
122 144
122 160
122 167
122 171
122 185
122 186
122 190
122 200
122 208
122 217
122 221
122 223
122 224
122 231
122 241
123 130
123 133
123 141
123 147
123 156
123 159
123 163
123 175
123 177
123 189
123 190
123 195
123 234
123 235
123 237
123 242
124 125
124 129
124 145
124 153
124 158
124 166
124 179
124 225
124 235
124 245
124 246
125 128
125 129
125 152
125 156
125 172
125 175
125 177
125 188
125 191
125 192
125 199
125 200
125 203
125 206
125 207
125 211
125 233
125 246
126 131
126 139
126 166
126 172
126 182
126 186
126 205
126 207
126 217
126 220
126 231
126 238
127 134
127 135
127 158
127 163
127 186
127 194
127 198
127 222
127 225
127 235
128 139
128 148
128 151
128 164
128 173
128 178
128 198
128 204
128 206
128 228
129 130
129 134
129 141
129 143
129 145
129 154
129 172
129 178
129 181
129 199
129 201
129 202
129 205
129 216
129 220
129 223
129 236
129 240
129 241
129 248
130 139
130 149
130 162
130 168
130 180
130 216
130 218
130 220
130 226
130 234
130 248
131 132
131 142
131 170
131 175
131 192
131 195
131 202
131 210
131 215
131 240
131 244
131 250
132 147
132 154
132 162
132 172
132 184
132 190
132 191
132 217
132 239
132 247
133 164
133 178
133 189
133 190
133 197
133 199
133 203
133 207
133 208
133 234
133 245
133 246
134 148
134 149
134 151
134 156
134 173
134 183
134 198
134 211
134 229
134 235
135 139
135 146
135 152
135 157
135 166
135 176
135 232
135 237
136 137
136 141
136 144
136 150
136 191
136 198
136 199
136 208
136 211
136 213
136 219
136 220
136 224
136 225
136 226
136 227
136 239
136 242
136 246
137 141
137 144
137 154
137 161
137 166
137 170
137 173
137 200
137 209
137 210
137 232
137 238
137 243
138 178
138 188
138 197
138 207
138 219
138 228
138 231
138 246
139 150
139 155
139 176
139 177
139 187
139 189
139 191
139 192
139 193
139 198
139 218
139 226
139 237
139 241
139 243
139 245
140 146
140 189
140 191
140 224
140 228
140 236
141 158
141 163
141 221
141 233
142 148
142 155
142 159
142 161
142 169
142 181
142 187
142 202
142 211
142 219
142 228
142 231
142 239
143 166
143 177
143 182
143 185
143 190
143 202
143 206
143 213
143 233
143 238
144 146
144 147
144 151
144 152
144 153
144 155
144 167
144 172
144 188
144 197
144 204
144 210
144 224
144 229
144 234
145 153
145 175
145 185
145 191
145 220
145 224
145 226
145 231
145 238
146 160
146 161
146 164
146 175
146 178
146 186
146 197
146 203
146 228
146 233
146 237
147 157
147 158
147 159
147 185
147 198
147 224
147 234
148 161
148 173
148 182
148 215
148 217
148 228
148 236
148 238
148 246
149 156
149 158
149 176
149 181
149 187
149 188
149 190
149 225
149 230
149 232
149 234
149 249
150 152
150 156
150 161
150 169
150 176
150 182
150 187
150 223
150 247
150 249
151 177
151 183
151 187
151 191
151 200
151 201
151 213
151 214
151 224
152 170
152 179
152 199
152 203
152 206
152 207
152 208
152 211
152 213
152 219
152 220
152 230
152 233
152 242
152 243
152 249
153 169
153 180
153 194
153 196
153 206
153 215
153 219
153 224
153 225
153 226
154 156
154 160
154 167
154 180
154 190
154 196
154 210
154 218
154 233
154 234
154 238
155 162
155 181
155 191
155 195
155 198
155 207
155 223
155 237
155 242
155 249
156 189
156 196
156 223
156 243
156 246
157 165
157 171
157 181
157 184
157 203
157 226
157 228
157 237
157 239
158 168
158 191
158 214
158 215
158 218
158 229
158 239
159 173
159 221
159 223
159 231
159 234
160 164
160 177
160 182
160 197
160 221
160 223
160 233
160 246
160 248
161 166
161 168
161 169
161 174
161 175
161 183
161 214
161 236
161 237
162 164
162 172
162 194
162 198
162 201
162 249
163 171
163 172
163 189
163 204
163 206
163 211
163 214
163 236
164 165
164 166
164 172
164 189
164 198
164 206
164 208
164 219
164 227
164 231
165 171
165 174
165 179
165 181
165 196
165 204
165 206
165 208
165 214
165 225
165 226
165 228
165 245
166 177
166 193
166 194
166 208
166 213
166 216
166 220
166 228
166 231
166 234
166 236
167 187
167 188
167 191
167 192
167 194
167 197
167 201
167 217
167 225
167 234
168 170
168 200
168 210
168 220
168 225
168 240
168 244
168 245
169 195
169 202
169 203
169 215
169 219
169 236
169 243
169 249
170 175
170 181
170 188
170 216
170 218
170 243
170 247
171 175
171 179
171 195
171 216
171 234
171 245
171 250
172 176
172 189
172 193
172 196
172 209
172 211
172 212
172 217
172 218
172 224
172 226
172 229
172 232
173 177
173 184
173 197
173 207
173 212
173 226
173 227
173 230
173 247
174 199
174 206
174 216
174 246
174 250
175 202
175 215
175 217
175 218
175 231
175 243
175 245
175 247
175 250
176 186
176 192
176 205
176 214
176 221
176 231
176 245
177 193
177 213
177 219
177 222
178 179
178 192
178 193
178 200
178 234
178 245
178 249
179 207
179 214
179 215
179 223
179 226
179 227
179 235
180 184
180 192
180 195
180 231
180 249
180 250
181 189
181 205
181 211
181 223
181 227
181 230
181 246
182 187
182 191
182 208
182 215
182 222
182 223
182 241
183 193
183 244
184 187
184 189
184 203
184 214
184 222
184 226
185 212
185 220
185 247
185 250
186 190
186 194
186 215
186 216
186 229
186 235
186 236
186 238
186 248
187 190
187 195
187 208
187 209
187 210
187 223
187 248
188 205
188 227
188 233
188 246
189 191
189 196
189 204
190 232
191 198
191 204
191 213
191 222
191 230
191 232
192 195
192 220
192 228
192 242
192 250
193 205
193 211
193 235
193 237
194 195
194 197
194 204
194 211
194 213
194 215
194 241
194 243
195 198
195 203
195 228
195 239
196 239
197 198
197 218
197 220
197 223
197 224
197 228
198 204
198 207
198 215
198 217
198 220
198 236
198 242
199 204
199 206
199 211
199 218
199 223
200 210
200 221
200 223
200 233
200 235
201 206
201 207
201 210
201 211
201 229
201 249
202 203
202 216
202 217
203 231
203 233
203 234
203 238
203 241
203 242
204 207
204 209
204 215
204 216
204 226
204 228
204 245
204 248
204 250
205 217
205 232
205 236
205 238
206 207
206 217
206 225
206 228
206 238
206 243
207 212
207 217
207 222
207 225
207 233
207 241
207 248
208 209
208 212
208 217
208 244
209 214
209 220
209 227
209 231
210 217
210 233
210 240
210 242
210 245
211 227
211 232
211 240
211 243
211 249
212 213
212 215
212 220
212 223
212 225
212 229
213 216
213 239
214 228
214 231
214 244
215 221
215 222
216 220
216 226
216 237
217 229
217 234
217 249
218 225
218 230
219 230
220 242
220 250
221 223
221 224
221 232
222 232
222 239
222 250
223 232
223 236
223 242
224 240
224 249
225 246
226 227
226 242
226 243
229 245
230 236
230 244
230 247
231 250
232 236
232 243
234 248
236 249
237 239
239 244
243 248
244 248
245 250
246 247
246 249
247 248
