Nombre del problema: random-graph-250-02.txt
250 20 6171
1 2
1 3
1 8
1 27
1 33
1 36
1 40
1 55
1 65
1 67
1 75
1 77
1 89
1 90
1 94
1 97
1 99
1 105
1 107
1 111
1 114
1 115
1 122
1 136
1 144
1 145
1 149
1 171
1 175
1 178
1 179
1 192
1 193
1 198
1 212
1 215
1 220
1 224
1 230
2 4
2 13
2 15
2 22
2 24
2 31
2 36
2 42
2 46
2 49
2 50
2 51
2 54
2 55
2 64
2 66
2 68
2 69
2 71
2 74
2 75
2 78
2 79
2 80
2 83
2 86
2 94
2 104
2 105
2 109
2 112
2 116
2 121
2 125
2 128
2 132
2 135
2 140
2 144
2 147
2 149
2 151
2 163
2 166
2 171
2 173
2 179
2 181
2 185
2 190
2 191
2 192
2 203
2 211
2 214
2 215
2 226
2 239
2 241
2 244
2 246
3 12
3 15
3 27
3 38
3 39
3 42
3 47
3 48
3 53
3 55
3 59
3 60
3 64
3 66
3 68
3 69
3 80
3 83
3 85
3 89
3 102
3 107
3 111
3 112
3 117
3 122
3 123
3 137
3 142
3 144
3 146
3 148
3 149
3 150
3 151
3 156
3 157
3 164
3 167
3 168
3 198
3 199
3 200
3 202
3 205
3 211
3 227
3 231
3 236
3 241
3 248
4 6
4 8
4 24
4 42
4 45
4 53
4 57
4 58
4 59
4 63
4 68
4 76
4 82
4 87
4 88
4 94
4 101
4 110
4 112
4 115
4 122
4 124
4 127
4 130
4 134
4 137
4 139
4 146
4 151
4 153
4 155
4 161
4 168
4 172
4 176
4 179
4 180
4 183
4 194
4 199
4 201
4 205
4 213
4 219
4 221
4 244
4 248
5 9
5 11
5 13
5 16
5 17
5 21
5 35
5 46
5 49
5 54
5 55
5 62
5 66
5 70
5 74
5 75
5 79
5 85
5 104
5 105
5 106
5 116
5 119
5 120
5 125
5 129
5 130
5 131
5 134
5 135
5 136
5 140
5 143
5 144
5 146
5 147
5 153
5 156
5 163
5 169
5 171
5 172
5 173
5 181
5 183
5 187
5 188
5 197
5 199
5 203
5 208
5 212
5 213
5 215
5 221
5 226
5 227
5 230
5 233
5 237
5 247
6 8
6 19
6 25
6 34
6 36
6 39
6 43
6 44
6 53
6 54
6 69
6 70
6 71
6 74
6 82
6 85
6 88
6 89
6 91
6 107
6 108
6 109
6 114
6 134
6 135
6 150
6 153
6 154
6 158
6 159
6 164
6 167
6 173
6 174
6 184
6 190
6 197
6 205
6 216
6 217
6 228
6 230
6 243
6 244
6 246
6 248
7 12
7 14
7 18
7 23
7 31
7 33
7 47
7 48
7 49
7 52
7 54
7 55
7 61
7 64
7 65
7 70
7 79
7 103
7 106
7 108
7 114
7 116
7 122
7 130
7 132
7 133
7 144
7 147
7 149
7 150
7 153
7 185
7 186
7 196
7 206
7 215
7 219
7 222
7 223
7 225
7 228
7 233
7 236
7 240
7 243
7 247
8 11
8 14
8 17
8 25
8 28
8 32
8 42
8 43
8 44
8 46
8 50
8 57
8 59
8 61
8 62
8 67
8 68
8 74
8 76
8 81
8 89
8 91
8 92
8 97
8 101
8 108
8 118
8 123
8 124
8 134
8 138
8 144
8 163
8 164
8 165
8 167
8 168
8 175
8 176
8 181
8 183
8 193
8 206
8 212
8 219
8 220
8 222
8 223
8 228
8 229
8 241
8 245
8 250
9 10
9 26
9 27
9 29
9 38
9 40
9 46
9 48
9 50
9 56
9 61
9 85
9 89
9 92
9 97
9 99
9 103
9 113
9 115
9 118
9 119
9 122
9 133
9 136
9 139
9 148
9 156
9 159
9 173
9 176
9 180
9 184
9 190
9 191
9 193
9 194
9 196
9 199
9 206
9 208
9 211
9 214
9 230
9 231
9 242
9 244
9 245
9 246
10 11
10 13
10 36
10 37
10 40
10 51
10 52
10 85
10 86
10 91
10 95
10 96
10 103
10 106
10 109
10 119
10 120
10 123
10 125
10 129
10 131
10 151
10 156
10 165
10 183
10 188
10 193
10 209
10 224
10 236
10 237
10 245
10 247
11 19
11 20
11 22
11 25
11 26
11 29
11 35
11 38
11 40
11 41
11 44
11 53
11 54
11 55
11 56
11 58
11 59
11 61
11 68
11 70
11 74
11 82
11 90
11 103
11 105
11 110
11 113
11 117
11 125
11 132
11 134
11 139
11 140
11 153
11 163
11 167
11 172
11 175
11 178
11 183
11 187
11 197
11 200
11 203
11 205
11 208
11 216
11 221
11 225
11 230
11 233
11 236
11 239
11 240
11 246
12 18
12 20
12 23
12 36
12 48
12 49
12 53
12 55
12 58
12 61
12 62
12 73
12 75
12 90
12 92
12 100
12 102
12 107
12 108
12 109
12 110
12 113
12 116
12 127
12 134
12 136
12 137
12 138
12 141
12 145
12 151
12 163
12 166
12 168
12 171
12 176
12 177
12 180
12 183
12 184
12 186
12 187
12 188
12 196
12 198
12 205
12 207
12 215
12 218
12 220
12 223
12 230
12 240
12 241
12 244
13 14
13 18
13 20
13 23
13 25
13 32
13 33
13 41
13 44
13 49
13 58
13 62
13 63
13 72
13 75
13 76
13 78
13 79
13 82
13 87
13 96
13 102
13 103
13 107
13 112
13 118
13 124
13 126
13 138
13 145
13 155
13 156
13 167
13 177
13 186
13 194
13 198
13 199
13 202
13 204
13 216
13 226
13 227
13 233
13 238
13 243
13 249
13 250
14 15
14 18
14 21
14 23
14 24
14 25
14 33
14 35
14 36
14 45
14 46
14 50
14 56
14 58
14 82
14 86
14 98
14 99
14 101
14 102
14 109
14 115
14 117
14 123
14 130
14 131
14 152
14 157
14 162
14 165
14 172
14 186
14 187
14 188
14 189
14 196
14 203
14 208
14 211
14 214
14 220
14 222
14 235
14 237
14 247
15 19
15 21
15 27
15 31
15 32
15 33
15 38
15 44
15 51
15 52
15 54
15 61
15 64
15 66
15 70
15 80
15 88
15 101
15 103
15 112
15 117
15 118
15 119
15 120
15 143
15 148
15 150
15 156
15 169
15 170
15 175
15 177
15 180
15 181
15 182
15 184
15 185
15 204
15 211
15 212
15 217
15 218
15 220
15 222
15 227
15 231
15 235
15 238
15 246
16 21
16 22
16 41
16 46
16 48
16 50
16 65
16 72
16 73
16 74
16 77
16 80
16 82
16 83
16 84
16 85
16 88
16 90
16 96
16 101
16 103
16 104
16 105
16 111
16 112
16 115
16 116
16 119
16 129
16 142
16 144
16 146
16 148
16 151
16 175
16 177
16 181
16 185
16 190
16 195
16 200
16 205
16 237
16 241
16 243
17 22
17 24
17 28
17 37
17 39
17 40
17 43
17 45
17 46
17 47
17 48
17 53
17 55
17 68
17 75
17 80
17 81
17 101
17 105
17 107
17 120
17 127
17 128
17 129
17 139
17 146
17 148
17 149
17 174
17 180
17 196
17 205
17 215
17 221
17 234
17 236
17 238
17 242
18 19
18 23
18 31
18 39
18 41
18 49
18 72
18 92
18 96
18 98
18 111
18 113
18 119
18 136
18 139
18 142
18 146
18 148
18 154
18 158
18 159
18 160
18 164
18 167
18 169
18 182
18 184
18 185
18 189
18 196
18 197
18 198
18 204
18 216
18 218
18 222
18 223
18 234
18 235
18 241
18 249
19 22
19 24
19 29
19 33
19 35
19 38
19 41
19 42
19 45
19 51
19 60
19 61
19 68
19 76
19 82
19 83
19 89
19 95
19 112
19 119
19 122
19 124
19 126
19 128
19 130
19 132
19 135
19 137
19 139
19 140
19 141
19 145
19 160
19 168
19 173
19 184
19 185
19 188
19 189
19 193
19 195
19 215
19 220
19 228
19 233
19 238
20 24
20 26
20 28
20 30
20 34
20 37
20 45
20 52
20 55
20 62
20 70
20 76
20 80
20 100
20 102
20 108
20 111
20 117
20 121
20 128
20 139
20 141
20 142
20 165
20 169
20 180
20 182
20 184
20 187
20 188
20 194
20 199
20 201
20 203
20 210
20 212
20 221
20 228
20 231
20 235
20 241
20 243
20 246
21 24
21 28
21 29
21 30
21 34
21 38
21 41
21 43
21 44
21 52
21 53
21 58
21 67
21 75
21 81
21 82
21 85
21 89
21 95
21 104
21 108
21 117
21 118
21 146
21 148
21 150
21 153
21 161
21 162
21 164
21 167
21 181
21 185
21 189
21 205
21 218
21 222
21 226
21 247
21 248
22 23
22 24
22 34
22 38
22 39
22 41
22 47
22 52
22 62
22 86
22 93
22 96
22 97
22 103
22 107
22 112
22 117
22 120
22 126
22 129
22 145
22 148
22 152
22 156
22 158
22 159
22 162
22 167
22 172
22 181
22 182
22 183
22 184
22 186
22 195
22 200
22 204
22 208
22 210
22 218
22 225
22 229
22 240
22 241
23 24
23 26
23 29
23 42
23 46
23 47
23 48
23 53
23 56
23 63
23 68
23 70
23 77
23 82
23 84
23 89
23 92
23 108
23 114
23 116
23 120
23 122
23 133
23 135
23 136
23 140
23 141
23 151
23 152
23 154
23 161
23 162
23 164
23 166
23 170
23 171
23 183
23 189
23 190
23 192
23 197
23 199
23 201
23 210
23 213
23 219
23 223
23 229
23 232
23 235
23 236
23 241
23 249
24 30
24 31
24 35
24 39
24 40
24 64
24 70
24 72
24 75
24 77
24 78
24 81
24 85
24 91
24 95
24 101
24 119
24 124
24 127
24 128
24 129
24 131
24 134
24 135
24 136
24 144
24 148
24 150
24 152
24 157
24 166
24 170
24 176
24 177
24 180
24 184
24 185
24 193
24 196
24 203
24 209
24 211
24 214
24 219
24 225
24 229
24 230
24 232
24 233
24 238
24 239
24 241
25 26
25 27
25 38
25 43
25 49
25 52
25 53
25 62
25 69
25 77
25 81
25 82
25 101
25 105
25 111
25 112
25 131
25 136
25 138
25 140
25 141
25 143
25 149
25 154
25 171
25 172
25 176
25 177
25 180
25 185
25 186
25 190
25 197
25 202
25 207
25 217
25 221
25 228
25 245
25 246
25 249
26 27
26 30
26 35
26 39
26 49
26 53
26 61
26 73
26 83
26 85
26 86
26 89
26 95
26 97
26 101
26 105
26 106
26 111
26 114
26 117
26 120
26 121
26 124
26 126
26 129
26 140
26 146
26 148
26 149
26 150
26 151
26 158
26 161
26 166
26 172
26 174
26 179
26 207
26 210
26 214
26 216
26 218
26 226
26 238
26 250
27 34
27 40
27 41
27 43
27 44
27 52
27 53
27 56
27 60
27 67
27 68
27 71
27 72
27 76
27 80
27 90
27 91
27 99
27 101
27 104
27 107
27 108
27 115
27 121
27 123
27 131
27 136
27 142
27 146
27 148
27 154
27 155
27 157
27 158
27 175
27 179
27 189
27 196
27 202
27 210
27 216
27 219
27 221
27 222
27 223
27 244
28 29
28 30
28 32
28 39
28 42
28 44
28 49
28 50
28 51
28 53
28 54
28 60
28 61
28 67
28 75
28 77
28 82
28 86
28 98
28 103
28 105
28 115
28 117
28 122
28 142
28 145
28 146
28 147
28 150
28 169
28 174
28 175
28 190
28 219
28 221
28 223
28 235
28 239
29 44
29 54
29 58
29 75
29 91
29 99
29 109
29 112
29 113
29 128
29 133
29 136
29 151
29 155
29 156
29 157
29 158
29 166
29 167
29 171
29 183
29 197
29 199
29 203
29 208
29 209
29 210
29 213
29 216
29 217
29 220
29 228
29 238
29 239
29 242
29 250
30 38
30 44
30 49
30 55
30 65
30 70
30 84
30 86
30 90
30 106
30 127
30 129
30 134
30 138
30 139
30 141
30 144
30 148
30 151
30 157
30 159
30 171
30 176
30 177
30 185
30 215
30 217
30 220
30 225
30 228
30 233
30 234
30 236
30 237
30 239
30 241
30 244
31 39
31 46
31 51
31 59
31 62
31 63
31 75
31 80
31 82
31 84
31 87
31 90
31 92
31 96
31 102
31 107
31 109
31 111
31 134
31 135
31 140
31 143
31 153
31 162
31 172
31 177
31 178
31 181
31 182
31 188
31 200
31 201
31 217
31 223
31 225
31 235
31 237
31 239
31 240
31 242
31 247
32 33
32 42
32 47
32 57
32 77
32 81
32 85
32 89
32 95
32 113
32 114
32 117
32 118
32 121
32 126
32 128
32 137
32 140
32 142
32 143
32 145
32 151
32 157
32 164
32 168
32 169
32 171
32 175
32 177
32 182
32 183
32 218
32 219
32 230
32 243
32 247
32 248
33 38
33 42
33 50
33 60
33 64
33 68
33 70
33 80
33 108
33 111
33 112
33 113
33 127
33 136
33 144
33 150
33 155
33 164
33 168
33 173
33 181
33 189
33 192
33 197
33 200
33 202
33 207
33 209
33 210
33 215
33 229
33 241
33 244
33 249
34 36
34 37
34 40
34 43
34 46
34 55
34 70
34 74
34 82
34 92
34 97
34 107
34 110
34 113
34 114
34 119
34 121
34 122
34 142
34 144
34 155
34 156
34 163
34 170
34 173
34 174
34 177
34 189
34 190
34 198
34 201
34 208
34 209
34 222
34 223
34 235
34 241
34 244
34 247
35 36
35 39
35 41
35 43
35 44
35 49
35 55
35 58
35 62
35 63
35 66
35 76
35 78
35 79
35 94
35 96
35 99
35 102
35 116
35 129
35 130
35 140
35 141
35 144
35 148
35 153
35 155
35 158
35 162
35 169
35 171
35 172
35 173
35 176
35 181
35 182
35 186
35 187
35 197
35 207
35 215
35 216
35 219
35 228
35 229
35 230
35 237
35 240
35 242
35 245
36 41
36 46
36 48
36 52
36 75
36 87
36 100
36 111
36 117
36 125
36 140
36 143
36 150
36 151
36 153
36 156
36 164
36 166
36 169
36 176
36 187
36 193
36 198
36 204
36 210
36 213
36 215
36 230
36 233
36 246
36 250
37 40
37 45
37 48
37 53
37 72
37 73
37 78
37 79
37 81
37 93
37 101
37 102
37 103
37 104
37 106
37 109
37 112
37 117
37 121
37 122
37 124
37 125
37 130
37 131
37 137
37 157
37 160
37 163
37 172
37 174
37 180
37 181
37 195
37 208
37 217
37 222
37 223
37 237
37 238
37 240
37 246
38 48
38 57
38 65
38 80
38 84
38 87
38 94
38 103
38 104
38 105
38 120
38 127
38 133
38 135
38 139
38 141
38 146
38 147
38 149
38 152
38 156
38 169
38 182
38 187
38 192
38 201
38 204
38 207
38 211
38 218
38 223
38 225
38 227
38 240
38 241
38 248
39 47
39 49
39 60
39 63
39 78
39 81
39 92
39 94
39 99
39 100
39 112
39 114
39 121
39 122
39 124
39 134
39 137
39 145
39 149
39 160
39 167
39 168
39 175
39 178
39 181
39 190
39 194
39 204
39 211
39 212
39 214
39 217
39 218
39 228
39 232
39 239
39 243
39 250
40 43
40 45
40 52
40 54
40 67
40 68
40 73
40 80
40 82
40 84
40 85
40 87
40 96
40 105
40 107
40 108
40 116
40 124
40 130
40 136
40 145
40 165
40 166
40 173
40 174
40 181
40 183
40 197
40 209
40 217
40 221
40 228
40 230
40 232
40 236
40 248
40 249
41 43
41 48
41 54
41 55
41 56
41 58
41 62
41 82
41 84
41 87
41 89
41 94
41 99
41 111
41 112
41 117
41 120
41 124
41 126
41 128
41 137
41 146
41 153
41 156
41 160
41 166
41 180
41 203
41 207
41 211
41 213
41 215
41 231
41 233
41 236
41 241
41 247
42 54
42 62
42 64
42 72
42 73
42 82
42 93
42 98
42 99
42 100
42 101
42 103
42 104
42 105
42 106
42 108
42 112
42 114
42 115
42 125
42 131
42 134
42 144
42 145
42 146
42 152
42 153
42 155
42 168
42 171
42 184
42 188
42 189
42 191
42 198
42 218
42 221
42 223
42 233
42 239
42 244
42 245
42 248
43 60
43 63
43 66
43 67
43 87
43 95
43 96
43 110
43 118
43 120
43 121
43 129
43 130
43 131
43 136
43 144
43 154
43 155
43 158
43 166
43 171
43 176
43 182
43 186
43 188
43 189
43 194
43 198
43 199
43 201
43 202
43 206
43 217
43 226
43 229
43 235
43 237
43 242
43 246
43 247
43 248
44 45
44 46
44 50
44 76
44 84
44 90
44 94
44 99
44 101
44 108
44 114
44 123
44 138
44 140
44 150
44 151
44 160
44 171
44 178
44 184
44 188
44 191
44 198
44 201
44 203
44 205
44 206
44 211
44 219
44 227
44 230
44 236
44 238
44 245
45 52
45 53
45 59
45 62
45 66
45 67
45 73
45 82
45 86
45 89
45 93
45 94
45 99
45 101
45 108
45 113
45 116
45 126
45 127
45 128
45 132
45 134
45 138
45 139
45 151
45 153
45 163
45 164
45 167
45 176
45 180
45 184
45 185
45 189
45 190
45 207
45 213
45 227
45 231
45 247
45 250
46 49
46 50
46 52
46 53
46 56
46 57
46 67
46 71
46 74
46 78
46 79
46 84
46 86
46 90
46 93
46 98
46 101
46 107
46 110
46 111
46 114
46 118
46 121
46 122
46 125
46 126
46 129
46 136
46 138
46 146
46 149
46 157
46 168
46 171
46 172
46 174
46 183
46 189
46 190
46 193
46 194
46 199
46 200
46 209
46 227
46 231
46 232
46 235
46 245
46 250
47 55
47 62
47 63
47 71
47 83
47 87
47 89
47 98
47 106
47 108
47 110
47 113
47 115
47 118
47 121
47 124
47 126
47 127
47 128
47 129
47 130
47 134
47 139
47 142
47 148
47 153
47 154
47 156
47 173
47 179
47 182
47 185
47 187
47 189
47 200
47 202
47 203
47 208
47 210
47 211
47 216
47 218
47 238
47 246
48 49
48 61
48 62
48 71
48 80
48 84
48 87
48 89
48 93
48 95
48 98
48 113
48 118
48 120
48 131
48 134
48 138
48 139
48 149
48 150
48 154
48 169
48 173
48 174
48 185
48 187
48 192
48 197
48 206
48 208
48 213
48 219
48 220
48 224
48 228
48 238
48 243
48 249
49 60
49 69
49 75
49 86
49 87
49 88
49 89
49 96
49 97
49 99
49 108
49 109
49 125
49 126
49 129
49 140
49 159
49 174
49 175
49 178
49 181
49 182
49 192
49 199
49 204
49 222
49 237
50 51
50 59
50 60
50 67
50 68
50 83
50 88
50 89
50 93
50 105
50 106
50 109
50 120
50 125
50 144
50 147
50 154
50 160
50 164
50 173
50 178
50 182
50 205
50 212
50 215
50 216
50 226
50 227
50 236
50 238
50 241
50 242
51 65
51 71
51 85
51 100
51 102
51 103
51 108
51 119
51 129
51 143
51 145
51 164
51 166
51 167
51 178
51 180
51 186
51 193
51 197
51 202
51 208
51 215
51 223
51 227
51 232
51 238
51 244
51 247
52 54
52 72
52 75
52 80
52 81
52 85
52 92
52 99
52 102
52 105
52 109
52 129
52 130
52 132
52 135
52 137
52 139
52 140
52 142
52 144
52 146
52 148
52 153
52 160
52 166
52 168
52 174
52 184
52 189
52 191
52 196
52 199
52 202
52 218
52 226
52 227
52 234
52 235
52 241
52 244
53 57
53 60
53 61
53 62
53 70
53 73
53 74
53 88
53 89
53 92
53 108
53 109
53 111
53 121
53 123
53 134
53 137
53 145
53 147
53 157
53 158
53 162
53 170
53 172
53 175
53 177
53 188
53 191
53 194
53 196
53 198
53 203
53 210
53 211
53 212
53 225
53 236
54 72
54 75
54 77
54 84
54 88
54 93
54 98
54 99
54 105
54 109
54 115
54 118
54 123
54 131
54 134
54 140
54 144
54 145
54 146
54 149
54 152
54 153
54 157
54 167
54 168
54 171
54 175
54 177
54 184
54 190
54 195
54 197
54 201
54 203
54 206
54 210
54 226
54 229
54 235
54 240
55 58
55 60
55 63
55 73
55 83
55 85
55 91
55 106
55 113
55 119
55 124
55 134
55 139
55 140
55 144
55 152
55 156
55 171
55 174
55 184
55 188
55 192
55 194
55 198
55 204
55 210
55 212
55 214
55 215
55 220
55 221
55 227
55 229
55 230
55 236
56 57
56 67
56 73
56 88
56 93
56 102
56 105
56 106
56 110
56 114
56 118
56 121
56 131
56 135
56 139
56 141
56 142
56 145
56 151
56 152
56 156
56 162
56 164
56 165
56 168
56 184
56 195
56 210
56 226
56 229
56 237
56 246
56 248
57 61
57 68
57 83
57 89
57 91
57 93
57 94
57 99
57 103
57 105
57 108
57 110
57 112
57 113
57 120
57 122
57 126
57 128
57 135
57 136
57 138
57 149
57 152
57 156
57 160
57 169
57 178
57 180
57 182
57 184
57 196
57 204
57 205
57 208
57 218
57 219
57 231
57 238
57 239
57 242
57 248
58 59
58 67
58 69
58 74
58 80
58 81
58 82
58 85
58 86
58 88
58 99
58 102
58 103
58 117
58 120
58 125
58 128
58 129
58 130
58 131
58 134
58 135
58 142
58 143
58 148
58 151
58 153
58 166
58 168
58 169
58 172
58 173
58 176
58 177
58 181
58 184
58 185
58 189
58 193
58 195
58 196
58 203
58 205
58 209
58 212
58 215
58 217
58 222
58 226
58 234
58 239
58 240
58 241
58 244
58 246
59 60
59 61
59 76
59 78
59 79
59 81
59 87
59 101
59 105
59 111
59 113
59 117
59 121
59 122
59 123
59 124
59 125
59 134
59 135
59 136
59 146
59 147
59 149
59 151
59 166
59 171
59 173
59 178
59 181
59 184
59 192
59 194
59 197
59 221
59 222
59 226
59 233
59 240
59 246
59 249
60 61
60 63
60 66
60 68
60 69
60 71
60 77
60 79
60 80
60 82
60 85
60 91
60 96
60 98
60 114
60 116
60 122
60 137
60 144
60 145
60 146
60 152
60 160
60 172
60 189
60 202
60 205
60 210
60 220
60 221
60 222
60 234
60 235
60 239
60 241
61 70
61 75
61 77
61 84
61 87
61 98
61 104
61 107
61 114
61 117
61 125
61 132
61 133
61 141
61 143
61 145
61 156
61 158
61 181
61 186
61 193
61 194
61 199
61 200
61 203
61 204
61 217
61 228
61 231
61 237
61 238
61 240
62 63
62 71
62 79
62 84
62 89
62 90
62 92
62 93
62 96
62 106
62 109
62 118
62 126
62 128
62 129
62 130
62 131
62 135
62 136
62 137
62 138
62 142
62 156
62 161
62 163
62 165
62 175
62 176
62 178
62 179
62 182
62 188
62 191
62 192
62 199
62 202
62 205
62 207
62 208
62 213
62 219
62 221
62 225
62 228
62 229
63 68
63 69
63 74
63 97
63 108
63 109
63 116
63 130
63 132
63 143
63 144
63 148
63 151
63 157
63 166
63 167
63 172
63 175
63 190
63 192
63 194
63 199
63 206
63 207
63 219
63 222
63 233
63 240
63 243
64 69
64 81
64 84
64 89
64 90
64 91
64 97
64 100
64 103
64 108
64 116
64 123
64 129
64 133
64 134
64 142
64 146
64 149
64 153
64 154
64 160
64 161
64 163
64 167
64 170
64 172
64 174
64 184
64 192
64 195
64 196
64 200
64 202
64 212
64 216
64 220
64 223
64 230
64 233
64 240
64 247
65 70
65 73
65 77
65 86
65 87
65 88
65 90
65 92
65 108
65 135
65 138
65 140
65 145
65 148
65 156
65 158
65 161
65 165
65 174
65 177
65 179
65 182
65 183
65 184
65 186
65 188
65 189
65 191
65 195
65 197
65 200
65 201
65 203
65 205
65 207
65 224
65 226
65 230
65 233
65 244
66 75
66 82
66 86
66 93
66 106
66 107
66 112
66 122
66 129
66 153
66 158
66 164
66 165
66 166
66 167
66 176
66 178
66 193
66 194
66 203
66 204
66 207
66 214
66 215
66 216
66 218
66 221
66 231
66 239
66 243
66 247
66 249
67 68
67 71
67 76
67 77
67 97
67 98
67 101
67 106
67 112
67 113
67 117
67 124
67 126
67 127
67 128
67 133
67 136
67 141
67 144
67 148
67 152
67 159
67 161
67 163
67 185
67 188
67 189
67 191
67 194
67 203
67 204
67 209
67 221
67 222
67 223
67 225
67 241
67 244
67 247
68 72
68 73
68 84
68 88
68 91
68 97
68 100
68 102
68 103
68 105
68 106
68 108
68 112
68 116
68 119
68 123
68 131
68 140
68 146
68 148
68 156
68 157
68 158
68 160
68 163
68 166
68 168
68 170
68 175
68 183
68 199
68 203
68 204
68 208
68 210
68 215
68 219
68 221
68 228
68 229
68 230
68 237
68 242
68 246
68 247
68 249
68 250
69 74
69 76
69 77
69 79
69 85
69 89
69 90
69 94
69 105
69 111
69 114
69 123
69 124
69 129
69 132
69 137
69 138
69 142
69 145
69 150
69 151
69 165
69 174
69 182
69 198
69 199
69 203
69 206
69 209
69 221
69 231
69 242
69 247
70 77
70 79
70 86
70 92
70 95
70 112
70 118
70 124
70 132
70 138
70 143
70 145
70 146
70 147
70 150
70 157
70 159
70 164
70 177
70 179
70 181
70 190
70 198
70 201
70 203
70 209
70 213
70 219
70 231
70 246
70 247
71 74
71 75
71 84
71 91
71 98
71 101
71 104
71 108
71 112
71 138
71 142
71 143
71 153
71 158
71 161
71 165
71 170
71 174
71 177
71 180
71 185
71 187
71 189
71 190
71 193
71 210
71 212
71 216
71 219
71 221
71 222
71 229
71 239
71 240
71 247
72 78
72 90
72 94
72 107
72 108
72 123
72 125
72 143
72 144
72 147
72 148
72 150
72 157
72 158
72 162
72 166
72 180
72 194
72 201
72 204
72 209
72 214
72 217
72 221
72 232
72 237
72 240
72 242
72 245
73 75
73 82
73 88
73 91
73 94
73 97
73 104
73 110
73 114
73 117
73 127
73 138
73 139
73 140
73 142
73 149
73 155
73 156
73 168
73 169
73 172
73 173
73 187
73 191
73 197
73 199
73 200
73 203
73 206
73 208
73 209
73 211
73 212
73 221
73 222
73 225
73 226
73 231
73 241
73 249
74 77
74 79
74 81
74 82
74 84
74 87
74 90
74 92
74 98
74 107
74 115
74 117
74 118
74 120
74 121
74 122
74 130
74 133
74 140
74 144
74 149
74 150
74 151
74 154
74 157
74 163
74 180
74 183
74 188
74 189
74 191
74 192
74 210
74 214
74 217
74 226
74 227
74 228
74 230
74 231
74 236
74 242
74 244
74 247
74 248
74 249
75 78
75 85
75 89
75 91
75 93
75 101
75 102
75 103
75 106
75 118
75 130
75 132
75 133
75 135
75 136
75 137
75 138
75 145
75 146
75 151
75 157
75 165
75 170
75 180
75 189
75 192
75 194
75 201
75 203
75 207
75 213
75 225
75 230
75 233
75 236
75 241
75 245
76 82
76 86
76 89
76 90
76 93
76 101
76 102
76 105
76 106
76 117
76 125
76 127
76 129
76 131
76 132
76 134
76 139
76 141
76 142
76 147
76 149
76 151
76 162
76 173
76 177
76 178
76 181
76 184
76 185
76 186
76 187
76 188
76 192
76 193
76 201
76 204
76 206
76 213
76 214
76 215
76 221
76 222
76 226
76 238
76 244
77 81
77 85
77 86
77 94
77 97
77 98
77 104
77 106
77 107
77 108
77 111
77 115
77 117
77 125
77 133
77 139
77 145
77 149
77 153
77 155
77 160
77 166
77 170
77 172
77 173
77 176
77 177
77 179
77 185
77 187
77 188
77 197
77 204
77 209
77 214
77 215
77 216
77 218
77 221
77 222
77 223
77 231
77 234
77 243
77 247
78 86
78 89
78 107
78 108
78 118
78 120
78 130
78 139
78 143
78 152
78 159
78 161
78 163
78 166
78 169
78 185
78 187
78 197
78 199
78 202
78 208
78 213
78 228
78 229
78 231
78 239
79 80
79 88
79 92
79 103
79 105
79 109
79 114
79 119
79 122
79 125
79 126
79 137
79 145
79 146
79 147
79 148
79 150
79 153
79 157
79 158
79 164
79 165
79 170
79 179
79 182
79 184
79 186
79 189
79 198
79 212
79 224
79 227
79 229
79 233
79 243
79 244
79 245
79 247
80 81
80 94
80 96
80 100
80 106
80 108
80 110
80 114
80 115
80 116
80 117
80 121
80 123
80 132
80 136
80 150
80 156
80 158
80 159
80 160
80 163
80 171
80 172
80 177
80 180
80 183
80 184
80 190
80 193
80 195
80 198
80 209
80 210
80 212
80 214
80 220
80 222
80 226
80 227
80 228
80 247
80 248
81 87
81 89
81 90
81 91
81 92
81 97
81 105
81 108
81 112
81 113
81 124
81 128
81 131
81 132
81 133
81 134
81 135
81 143
81 150
81 164
81 167
81 171
81 172
81 197
81 208
81 209
81 210
81 213
81 214
81 216
81 224
81 228
81 234
81 238
81 239
81 245
82 87
82 97
82 98
82 102
82 104
82 118
82 121
82 132
82 135
82 137
82 139
82 162
82 165
82 166
82 172
82 174
82 178
82 189
82 197
82 199
82 204
82 208
82 213
82 214
82 236
82 240
82 245
82 246
83 91
83 94
83 108
83 111
83 125
83 126
83 127
83 128
83 130
83 137
83 140
83 141
83 142
83 145
83 146
83 148
83 160
83 161
83 163
83 169
83 177
83 178
83 186
83 187
83 192
83 193
83 199
83 204
83 210
83 219
83 222
83 229
83 235
83 245
83 250
84 90
84 100
84 104
84 115
84 116
84 117
84 121
84 123
84 126
84 129
84 130
84 131
84 137
84 143
84 149
84 151
84 157
84 166
84 170
84 176
84 185
84 191
84 206
84 220
84 225
84 226
84 237
84 244
84 249
85 86
85 87
85 89
85 91
85 93
85 100
85 109
85 121
85 123
85 124
85 125
85 127
85 133
85 135
85 144
85 147
85 150
85 151
85 152
85 160
85 176
85 177
85 178
85 180
85 184
85 185
85 197
85 205
85 212
85 214
85 218
85 228
85 234
85 235
85 237
85 245
85 246
86 89
86 91
86 92
86 94
86 101
86 104
86 110
86 111
86 115
86 130
86 131
86 140
86 142
86 143
86 151
86 153
86 160
86 166
86 171
86 172
86 173
86 184
86 187
86 191
86 198
86 211
86 220
86 230
86 238
86 240
86 243
86 245
87 91
87 93
87 95
87 102
87 109
87 110
87 111
87 112
87 118
87 121
87 125
87 126
87 134
87 135
87 139
87 143
87 148
87 152
87 155
87 158
87 160
87 165
87 166
87 168
87 170
87 180
87 182
87 190
87 192
87 193
87 194
87 198
87 205
87 210
87 217
87 226
87 231
87 233
87 239
87 241
88 92
88 99
88 100
88 110
88 117
88 119
88 121
88 133
88 139
88 152
88 154
88 155
88 161
88 166
88 172
88 174
88 176
88 188
88 200
88 207
88 211
88 221
88 224
88 225
88 226
88 230
88 237
88 240
88 244
88 246
88 248
89 95
89 118
89 122
89 123
89 124
89 128
89 130
89 132
89 134
89 144
89 145
89 155
89 164
89 168
89 176
89 181
89 182
89 184
89 187
89 191
89 203
89 204
89 215
89 216
89 220
89 223
89 250
90 91
90 92
90 95
90 105
90 106
90 108
90 109
90 113
90 139
90 145
90 149
90 157
90 158
90 163
90 166
90 168
90 169
90 176
90 177
90 186
90 189
90 192
90 196
90 200
90 201
90 205
90 206
90 208
90 210
90 213
90 214
90 227
90 241
90 242
90 244
90 250
91 99
91 102
91 104
91 107
91 110
91 117
91 118
91 130
91 135
91 136
91 144
91 169
91 172
91 177
91 178
91 179
91 181
91 185
91 209
91 210
91 215
91 221
91 224
91 225
91 230
91 239
91 244
91 247
91 248
92 98
92 116
92 122
92 123
92 131
92 132
92 139
92 141
92 143
92 147
92 148
92 150
92 153
92 154
92 160
92 162
92 165
92 178
92 182
92 183
92 195
92 198
92 202
92 206
92 212
92 214
92 215
92 224
92 239
92 241
92 244
92 248
92 249
93 99
93 103
93 104
93 109
93 115
93 116
93 121
93 125
93 128
93 133
93 137
93 143
93 145
93 155
93 160
93 161
93 166
93 169
93 172
93 173
93 182
93 186
93 194
93 197
93 200
93 202
93 206
93 210
93 213
93 214
93 225
93 232
94 114
94 115
94 117
94 124
94 127
94 128
94 138
94 139
94 151
94 162
94 164
94 167
94 175
94 177
94 180
94 183
94 187
94 193
94 196
94 199
94 202
94 207
94 211
94 215
94 216
94 222
94 227
94 234
94 238
94 241
94 245
94 246
95 99
95 102
95 107
95 111
95 116
95 123
95 131
95 146
95 151
95 155
95 156
95 160
95 166
95 169
95 185
95 203
95 205
95 211
95 215
95 225
95 233
95 236
95 250
96 99
96 101
96 106
96 108
96 112
96 113
96 117
96 118
96 124
96 127
96 130
96 142
96 145
96 165
96 166
96 167
96 169
96 181
96 185
96 186
96 198
96 199
96 212
96 218
96 219
96 228
96 235
96 237
96 238
96 241
96 243
96 250
97 106
97 115
97 117
97 125
97 128
97 132
97 137
97 146
97 152
97 154
97 159
97 167
97 174
97 190
97 201
97 205
97 212
97 219
97 224
97 232
97 233
97 239
97 243
98 103
98 107
98 112
98 115
98 123
98 132
98 145
98 153
98 155
98 164
98 171
98 172
98 173
98 178
98 180
98 183
98 185
98 189
98 193
98 194
98 195
98 199
98 203
98 214
98 217
98 219
98 222
98 225
98 227
98 236
98 242
98 248
99 102
99 110
99 117
99 118
99 124
99 127
99 138
99 142
99 147
99 149
99 160
99 163
99 166
99 171
99 174
99 182
99 184
99 188
99 196
99 199
99 203
99 206
99 207
99 214
99 216
99 217
99 218
99 220
99 225
99 230
99 239
99 242
99 246
100 106
100 107
100 108
100 109
100 117
100 126
100 129
100 141
100 142
100 144
100 153
100 164
100 165
100 169
100 173
100 185
100 189
100 196
100 201
100 207
100 213
100 221
100 229
100 230
100 242
100 246
101 102
101 104
101 106
101 108
101 112
101 113
101 133
101 147
101 163
101 164
101 166
101 168
101 178
101 193
101 194
101 196
101 197
101 207
101 210
101 216
101 219
101 220
101 224
101 225
101 227
101 230
101 232
101 245
101 246
101 247
101 248
102 107
102 110
102 121
102 124
102 126
102 127
102 130
102 133
102 139
102 149
102 152
102 160
102 163
102 166
102 168
102 171
102 175
102 192
102 193
102 197
102 228
102 231
102 234
102 235
102 243
102 249
102 250
103 124
103 130
103 144
103 146
103 156
103 159
103 160
103 166
103 169
103 171
103 177
103 178
103 179
103 183
103 185
103 186
103 187
103 207
103 212
103 217
103 220
103 226
103 239
103 240
103 250
104 120
104 127
104 129
104 133
104 135
104 141
104 147
104 148
104 153
104 154
104 166
104 167
104 173
104 180
104 187
104 199
104 203
104 204
104 206
104 213
104 215
104 217
104 224
104 232
104 235
104 239
104 240
104 244
104 247
104 249
105 107
105 113
105 124
105 126
105 139
105 140
105 146
105 152
105 154
105 156
105 170
105 175
105 177
105 196
105 201
105 219
105 220
105 224
105 229
105 232
105 236
105 237
105 246
105 250
106 111
106 129
106 132
106 138
106 139
106 142
106 162
106 180
106 181
106 183
106 191
106 199
106 202
106 204
106 215
106 217
106 223
106 224
106 229
106 230
106 231
106 233
106 234
106 236
106 237
106 244
107 111
107 115
107 119
107 121
107 125
107 129
107 131
107 132
107 134
107 135
107 136
107 138
107 139
107 148
107 150
107 151
107 157
107 158
107 163
107 169
107 173
107 178
107 183
107 184
107 187
107 192
107 197
107 200
107 213
107 220
107 224
107 228
107 232
107 239
107 242
107 248
108 110
108 112
108 120
108 122
108 125
108 132
108 135
108 138
108 145
108 151
108 153
108 157
108 162
108 168
108 170
108 174
108 176
108 190
108 197
108 199
108 200
108 203
108 206
108 207
108 210
108 211
108 213
108 215
108 221
108 222
108 227
108 233
108 235
108 236
108 242
108 245
109 111
109 114
109 115
109 119
109 120
109 124
109 130
109 131
109 139
109 141
109 146
109 153
109 157
109 158
109 167
109 171
109 178
109 179
109 180
109 184
109 190
109 192
109 197
109 200
109 207
109 210
109 216
109 229
109 234
109 236
109 238
109 245
109 248
110 116
110 119
110 125
110 129
110 132
110 139
110 141
110 146
110 148
110 158
110 164
110 169
110 175
110 178
110 186
110 187
110 190
110 191
110 193
110 198
110 203
110 207
110 208
110 216
110 218
110 222
110 224
110 230
110 231
110 244
110 249
111 112
111 123
111 131
111 134
111 138
111 147
111 153
111 154
111 157
111 158
111 159
111 165
111 178
111 180
111 190
111 200
111 211
111 215
111 222
111 223
111 226
111 241
112 113
112 119
112 125
112 129
112 135
112 140
112 144
112 147
112 152
112 153
112 161
112 162
112 165
112 168
112 171
112 174
112 178
112 184
112 186
112 187
112 189
112 204
112 214
112 220
112 224
112 227
112 228
112 231
112 242
112 247
112 248
112 250
113 119
113 121
113 132
113 133
113 134
113 137
113 138
113 142
113 144
113 147
113 148
113 157
113 158
113 164
113 171
113 184
113 193
113 216
113 225
113 227
113 231
113 238
113 248
113 250
114 115
114 118
114 124
114 125
114 126
114 132
114 140
114 155
114 156
114 157
114 162
114 170
114 173
114 178
114 183
114 185
114 191
114 195
114 201
114 202
114 212
114 226
114 231
114 239
114 242
114 243
114 247
115 123
115 142
115 146
115 147
115 166
115 169
115 181
115 186
115 194
115 195
115 200
115 217
115 222
115 226
115 233
115 239
115 241
115 242
115 243
115 244
115 245
115 248
116 125
116 132
116 148
116 152
116 155
116 156
116 167
116 180
116 181
116 186
116 193
116 194
116 201
116 203
116 209
116 216
116 217
116 221
116 222
116 225
116 228
116 239
116 241
116 244
116 250
117 119
117 121
117 124
117 127
117 137
117 151
117 152
117 157
117 169
117 170
117 171
117 183
117 186
117 191
117 193
117 194
117 196
117 200
117 203
117 208
117 209
117 211
117 214
117 222
117 227
117 228
117 236
117 239
117 240
117 241
118 120
118 126
118 129
118 138
118 141
118 144
118 151
118 155
118 158
118 165
118 166
118 170
118 172
118 175
118 181
118 207
118 210
118 215
118 234
118 236
118 250
119 126
119 132
119 137
119 139
119 145
119 147
119 148
119 157
119 160
119 161
119 171
119 173
119 178
119 179
119 184
119 185
119 203
119 209
119 213
119 216
119 227
119 232
119 237
119 238
119 239
119 247
120 127
120 129
120 131
120 132
120 136
120 139
120 141
120 145
120 151
120 154
120 155
120 157
120 167
120 169
120 201
120 203
120 209
120 212
120 221
120 227
120 234
120 246
121 130
121 154
121 156
121 157
121 163
121 170
121 176
121 182
121 192
121 194
121 207
121 210
121 211
121 220
121 223
121 229
121 234
121 238
121 240
121 241
121 242
121 250
122 128
122 129
122 130
122 132
122 139
122 153
122 159
122 169
122 192
122 198
122 201
122 204
122 210
122 219
122 226
122 234
122 240
122 241
122 243
122 244
122 246
122 249
123 128
123 132
123 149
123 150
123 156
123 157
123 162
123 163
123 170
123 175
123 177
123 189
123 195
123 202
123 210
123 213
123 216
123 222
123 231
123 234
123 239
123 242
123 246
123 247
124 129
124 132
124 135
124 137
124 138
124 141
124 142
124 143
124 151
124 156
124 158
124 159
124 164
124 165
124 171
124 182
124 183
124 187
124 190
124 194
124 199
124 201
124 208
124 213
124 215
124 216
124 217
124 223
124 228
124 229
124 238
124 242
124 245
124 247
124 250
125 129
125 132
125 133
125 141
125 142
125 153
125 156
125 169
125 175
125 176
125 178
125 179
125 191
125 193
125 199
125 202
125 208
125 211
125 216
125 218
125 221
125 227
125 229
125 230
125 231
125 235
125 238
125 241
125 245
126 127
126 130
126 136
126 138
126 143
126 161
126 164
126 173
126 179
126 183
126 184
126 197
126 201
126 205
126 210
126 212
126 213
126 219
126 220
126 222
126 223
126 226
126 230
126 232
126 234
126 238
126 244
126 247
126 248
127 130
127 137
127 144
127 145
127 147
127 149
127 153
127 158
127 162
127 172
127 173
127 178
127 181
127 187
127 190
127 206
127 212
127 213
127 218
127 219
127 223
127 224
127 229
127 231
127 245
127 246
128 144
128 145
128 155
128 164
128 165
128 166
128 171
128 172
128 173
128 186
128 192
128 205
128 221
128 224
128 228
128 229
128 235
128 240
128 248
129 138
129 139
129 141
129 150
129 155
129 157
129 162
129 163
129 164
129 176
129 177
129 178
129 179
129 180
129 187
129 189
129 190
129 192
129 193
129 194
129 196
129 199
129 204
129 205
129 206
129 207
129 209
129 220
129 230
129 232
129 235
129 247
130 145
130 148
130 154
130 156
130 160
130 165
130 166
130 168
130 174
130 179
130 186
130 191
130 192
130 193
130 195
130 196
130 198
130 201
130 211
130 216
130 229
130 238
130 245
130 248
131 134
131 135
131 141
131 148
131 149
131 157
131 161
131 163
131 179
131 181
131 184
131 185
131 188
131 191
131 196
131 199
131 203
131 210
131 224
131 237
131 246
131 247
132 139
132 141
132 146
132 148
132 158
132 159
132 162
132 163
132 165
132 167
132 174
132 177
132 186
132 190
132 193
132 196
132 197
132 206
132 210
132 220
132 223
132 225
132 233
132 235
132 241
132 243
132 247
132 248
133 136
133 137
133 143
133 145
133 150
133 156
133 173
133 184
133 185
133 186
133 195
133 199
133 201
133 205
133 207
133 210
133 225
133 231
133 233
133 237
133 239
133 245
133 249
134 136
134 137
134 139
134 143
134 144
134 149
134 159
134 163
134 177
134 178
134 182
134 191
134 192
134 194
134 202
134 203
134 205
134 210
134 213
134 217
134 225
134 226
134 230
134 231
134 239
134 242
134 243
134 249
135 147
135 148
135 149
135 155
135 156
135 157
135 177
135 178
135 187
135 193
135 204
135 205
135 207
135 224
135 230
135 232
135 235
135 241
136 137
136 144
136 150
136 157
136 165
136 169
136 172
136 177
136 183
136 186
136 188
136 190
136 193
136 204
136 205
136 207
136 217
136 220
136 225
136 227
136 235
136 236
136 237
136 238
136 243
137 138
137 144
137 146
137 148
137 160
137 162
137 163
137 165
137 179
137 180
137 190
137 193
137 194
137 200
137 203
137 207
137 223
137 225
137 226
137 231
137 236
137 237
137 239
137 242
137 244
137 246
137 248
137 249
138 139
138 147
138 150
138 154
138 168
138 169
138 173
138 175
138 179
138 197
138 200
138 209
138 212
138 213
138 216
138 220
138 221
138 222
138 236
138 243
139 148
139 151
139 153
139 154
139 159
139 168
139 172
139 174
139 194
139 197
139 201
139 204
139 205
139 224
139 229
139 231
139 234
139 236
139 239
139 241
139 246
139 250
140 142
140 148
140 150
140 169
140 174
140 175
140 177
140 182
140 184
140 187
140 190
140 191
140 192
140 200
140 202
140 206
140 207
140 211
140 218
140 220
140 224
140 227
140 229
140 244
141 147
141 150
141 155
141 161
141 163
141 172
141 175
141 178
141 186
141 194
141 203
141 205
141 208
141 209
141 216
141 220
141 222
141 224
141 232
141 234
141 249
142 154
142 156
142 165
142 179
142 184
142 188
142 190
142 191
142 192
142 209
142 217
142 219
142 223
142 233
142 237
142 238
142 241
142 242
142 247
143 149
143 159
143 162
143 175
143 182
143 186
143 193
143 197
143 200
143 202
143 208
143 209
143 211
143 218
143 224
143 225
143 228
143 229
143 235
143 239
143 243
143 244
143 249
144 145
144 152
144 158
144 161
144 164
144 171
144 179
144 181
144 186
144 192
144 199
144 200
144 203
144 217
144 219
144 221
144 229
144 235
145 149
145 153
145 155
145 162
145 168
145 175
145 183
145 192
145 194
145 195
145 202
145 207
145 208
145 215
145 220
145 223
145 228
145 229
145 231
145 236
145 239
145 242
145 245
146 149
146 150
146 151
146 156
146 165
146 167
146 168
146 178
146 197
146 198
146 202
146 204
146 205
146 212
146 217
146 218
146 219
146 224
146 233
146 235
146 238
146 239
147 170
147 172
147 174
147 176
147 178
147 180
147 184
147 191
147 199
147 202
147 204
147 206
147 210
147 212
147 236
147 240
147 245
147 248
148 150
148 153
148 155
148 156
148 166
148 168
148 176
148 177
148 182
148 188
148 190
148 194
148 200
148 208
148 213
148 214
148 217
148 218
148 222
148 225
148 226
148 245
148 247
149 159
149 172
149 173
149 175
149 178
149 185
149 197
149 201
149 205
149 208
149 209
149 211
149 224
149 227
149 241
149 250
150 153
150 169
150 174
150 175
150 186
150 191
150 195
150 197
150 199
150 203
150 204
150 206
150 213
150 218
150 244
151 153
151 154
151 157
151 161
151 170
151 174
151 176
151 184
151 192
151 199
151 210
151 214
151 220
151 226
151 239
151 241
151 243
151 247
152 157
152 163
152 173
152 186
152 196
152 199
152 201
152 202
152 207
152 213
152 216
152 232
152 233
152 235
152 250
153 155
153 162
153 163
153 169
153 183
153 184
153 190
153 191
153 193
153 195
153 200
153 204
153 207
153 209
153 218
153 230
153 231
153 233
153 234
153 236
153 245
154 159
154 165
154 175
154 181
154 183
154 191
154 206
154 208
154 220
154 223
154 224
154 227
154 230
154 231
154 235
154 241
154 242
155 157
155 172
155 181
155 184
155 195
155 196
155 197
155 198
155 207
155 213
155 217
155 222
155 228
155 234
155 239
155 244
156 158
156 170
156 173
156 174
156 179
156 181
156 188
156 189
156 200
156 203
156 205
156 207
156 209
156 210
156 218
156 221
156 224
156 228
156 232
156 235
156 243
156 246
156 249
157 161
157 162
157 167
157 168
157 169
157 170
157 173
157 187
157 190
157 193
157 200
157 212
157 214
157 220
157 221
157 229
157 232
157 235
157 236
157 239
157 246
157 248
157 249
158 163
158 166
158 169
158 179
158 181
158 183
158 186
158 187
158 199
158 202
158 205
158 206
158 209
158 212
158 227
158 236
158 246
158 250
159 163
159 165
159 167
159 175
159 179
159 188
159 192
159 194
159 196
159 209
159 213
159 214
159 215
159 220
159 222
159 230
159 235
159 245
159 250
160 163
160 170
160 177
160 181
160 182
160 186
160 193
160 204
160 205
160 207
160 215
160 218
160 220
160 225
160 234
160 235
160 245
160 250
161 166
161 182
161 183
161 186
161 188
161 189
161 193
161 199
161 200
161 207
161 209
161 211
161 216
161 220
161 228
161 230
161 233
161 235
162 163
162 164
162 171
162 172
162 175
162 188
162 200
162 202
162 205
162 209
162 212
162 214
162 216
162 220
162 226
162 228
162 232
162 233
162 238
162 244
162 249
162 250
163 170
163 183
163 201
163 211
163 225
163 228
163 239
163 242
163 246
163 247
164 170
164 172
164 173
164 176
164 178
164 179
164 185
164 186
164 187
164 198
164 205
164 209
164 211
164 214
164 215
164 217
164 218
164 225
164 229
164 230
164 236
164 247
164 250
165 176
165 177
165 186
165 188
165 191
165 193
165 194
165 195
165 204
165 205
165 208
165 230
165 232
165 238
165 240
165 241
165 242
165 248
165 250
166 167
166 169
166 171
166 174
166 179
166 181
166 182
166 195
166 201
166 208
166 221
166 227
166 229
166 233
166 245
166 250
167 175
167 181
167 184
167 186
167 189
167 192
167 194
167 199
167 207
167 210
167 212
167 216
167 221
167 231
167 240
167 243
168 173
168 182
168 185
168 196
168 200
168 208
168 215
168 221
168 234
168 235
168 240
168 243
168 246
169 175
169 180
169 181
169 182
169 188
169 196
169 207
169 211
169 213
169 219
169 224
169 229
169 238
169 241
169 245
169 248
169 250
170 178
170 179
170 187
170 188
170 190
170 192
170 194
170 195
170 199
170 213
170 216
170 218
170 228
170 235
170 237
170 242
170 246
170 249
171 179
171 183
171 194
171 196
171 205
171 221
171 234
171 243
171 244
171 250
172 179
172 185
172 186
172 191
172 192
172 197
172 204
172 215
172 219
172 221
172 231
172 232
172 233
173 177
173 185
173 198
173 210
173 211
173 219
173 222
173 229
173 236
173 240
173 245
173 246
174 177
174 189
174 198
174 199
174 205
174 209
174 210
174 214
174 218
174 220
174 221
174 230
174 242
174 244
174 249
175 181
175 184
175 195
175 200
175 204
175 216
175 217
175 229
175 237
175 246
175 248
176 177
176 198
176 204
176 215
176 235
176 236
176 239
177 182
177 186
177 203
177 207
177 212
177 216
177 218
177 219
177 229
177 230
177 231
177 232
177 243
177 249
178 181
178 203
178 205
178 211
178 218
178 224
178 230
178 234
178 236
178 244
178 246
179 180
179 184
179 185
179 188
179 189
179 193
179 199
179 216
179 218
179 225
179 233
179 234
179 235
179 240
179 241
179 248
179 250
180 183
180 186
180 190
180 196
180 200
180 201
180 202
180 210
180 216
180 223
180 224
180 228
180 230
180 232
180 235
180 249
181 185
181 187
181 189
181 190
181 196
181 199
181 200
181 201
181 206
181 208
181 216
181 220
181 232
181 233
181 236
181 237
181 239
181 245
182 184
182 193
182 201
182 205
182 207
182 216
182 226
182 243
183 187
183 191
183 192
183 194
183 201
183 211
183 214
183 218
183 221
183 226
183 234
183 235
183 237
183 239
183 241
183 242
183 248
183 249
184 186
184 190
184 193
184 197
184 198
184 202
184 206
184 207
184 211
184 224
184 225
184 229
184 230
184 231
184 233
184 234
184 235
184 246
184 249
185 188
185 190
185 191
185 192
185 193
185 194
185 196
185 203
185 209
185 214
185 216
185 220
185 223
185 224
185 226
185 228
185 235
185 238
185 239
185 240
185 249
186 190
186 194
186 196
186 198
186 207
186 209
186 213
186 217
186 223
186 224
186 225
186 237
186 243
186 247
186 249
187 188
187 189
187 194
187 197
187 201
187 215
187 218
187 224
187 226
187 229
187 233
187 240
188 190
188 194
188 205
188 212
188 213
188 216
188 220
188 223
188 224
188 234
188 242
188 244
188 249
188 250
189 203
189 208
189 216
189 219
189 221
189 243
189 250
190 191
190 192
190 195
190 200
190 202
190 204
190 211
190 212
190 214
190 227
190 233
190 234
190 237
190 238
190 249
191 193
191 196
191 198
191 200
191 211
191 212
191 214
191 216
191 218
191 220
191 221
191 234
191 241
191 243
191 248
191 250
192 198
192 200
192 203
192 204
192 205
192 210
192 215
192 219
192 225
192 228
192 230
192 231
193 197
193 198
193 199
193 202
193 208
193 209
193 211
193 212
193 222
193 230
193 232
193 233
193 235
193 236
193 242
193 244
193 248
194 199
194 203
194 204
194 220
194 231
194 236
194 243
194 248
194 249
195 197
195 200
195 201
195 209
195 220
195 222
195 228
195 236
195 242
195 249
196 198
196 199
196 204
196 205
196 214
196 215
196 216
196 221
196 225
196 226
196 228
196 231
196 246
197 208
197 209
197 212
197 222
197 223
197 225
197 235
197 247
198 213
198 219
198 241
198 249
198 250
199 219
199 220
199 222
199 223
199 226
199 229
199 230
199 232
199 233
199 234
199 238
199 246
200 203
200 204
200 207
200 208
200 216
200 225
200 227
200 236
200 238
200 241
200 243
200 246
200 248
201 202
201 206
201 210
201 214
201 216
201 219
201 220
201 223
201 226
201 231
201 232
201 242
201 247
201 249
202 224
202 228
202 230
202 232
202 239
202 241
203 205
203 214
203 224
203 227
203 234
203 235
203 236
203 239
203 244
203 246
203 249
204 205
204 211
204 213
204 215
204 218
204 232
204 234
204 239
204 240
204 242
204 245
204 247
205 218
205 219
205 223
205 226
205 227
205 231
205 239
205 240
205 241
205 242
205 248
205 249
206 208
206 212
206 217
206 219
206 220
206 222
206 231
206 232
206 242
206 246
207 211
207 214
207 219
207 223
207 225
207 238
207 240
207 245
207 247
207 248
208 211
208 217
208 219
208 235
208 240
208 242
208 243
208 247
208 248
209 212
209 216
209 220
209 223
209 232
209 242
209 243
209 245
209 247
209 250
210 212
210 215
210 221
210 222
210 229
210 234
210 238
210 243
210 244
211 213
211 220
211 234
211 235
211 237
211 240
211 249
212 213
212 225
212 226
212 227
212 234
212 244
212 246
213 217
213 218
213 220
213 223
213 226
213 231
213 235
213 238
213 242
213 246
214 217
214 221
214 229
214 230
214 234
214 235
214 236
214 238
214 241
214 244
214 246
214 249
215 218
215 222
215 224
215 230
215 232
215 238
215 241
215 246
216 222
216 223
216 232
216 236
216 238
216 240
216 242
216 244
217 218
217 226
217 227
217 241
217 242
217 246
218 228
218 231
218 232
218 235
218 237
218 240
218 241
219 226
219 230
219 232
219 238
219 248
220 223
220 224
220 232
220 235
220 238
221 223
221 243
221 249
222 224
222 225
222 227
223 230
223 232
223 234
223 240
223 241
223 249
224 225
224 238
224 243
224 245
224 247
225 226
225 230
225 231
225 234
225 238
225 239
225 241
225 249
226 237
226 239
226 248
226 249
227 229
227 245
227 249
228 234
228 239
228 246
228 248
228 250
229 232
229 246
230 238
230 239
230 240
230 244
230 247
231 237
231 239
231 241
231 242
231 245
231 246
232 240
232 241
232 244
232 245
232 247
233 239
233 246
234 237
234 245
235 240
235 243
235 250
236 237
236 246
237 242
237 248
237 250
238 247
238 249
239 241
239 248
239 250
240 242
240 244
240 246
241 244
241 247
242 245
242 246
244 250
246 249
247 250
