Nombre del problema: random-graph-250-03.txt
250 30 9274
1 5
1 6
1 8
1 10
1 18
1 19
1 23
1 26
1 32
1 33
1 35
1 36
1 39
1 44
1 48
1 49
1 50
1 61
1 83
1 85
1 87
1 90
1 94
1 96
1 99
1 101
1 106
1 107
1 108
1 114
1 125
1 126
1 127
1 131
1 132
1 139
1 144
1 149
1 152
1 153
1 154
1 159
1 160
1 166
1 172
1 173
1 176
1 189
1 191
1 194
1 195
1 196
1 199
1 200
1 203
1 206
1 212
1 218
1 223
1 225
1 226
1 227
1 230
1 234
1 236
1 242
1 244
1 245
1 247
1 248
2 3
2 10
2 13
2 15
2 19
2 23
2 24
2 27
2 32
2 33
2 35
2 37
2 42
2 47
2 54
2 59
2 60
2 62
2 64
2 65
2 75
2 77
2 79
2 82
2 88
2 90
2 95
2 97
2 101
2 105
2 108
2 109
2 117
2 123
2 126
2 127
2 128
2 130
2 131
2 133
2 142
2 145
2 155
2 156
2 157
2 159
2 163
2 173
2 179
2 182
2 189
2 190
2 192
2 198
2 211
2 214
2 220
2 227
2 229
2 231
2 233
2 238
2 240
2 245
2 248
3 4
3 5
3 9
3 14
3 23
3 34
3 35
3 37
3 38
3 41
3 42
3 43
3 45
3 47
3 48
3 52
3 56
3 62
3 63
3 67
3 68
3 69
3 70
3 74
3 75
3 78
3 79
3 81
3 84
3 87
3 92
3 93
3 95
3 98
3 100
3 104
3 105
3 106
3 108
3 110
3 111
3 113
3 119
3 120
3 122
3 125
3 127
3 130
3 137
3 143
3 145
3 150
3 157
3 160
3 161
3 162
3 164
3 165
3 169
3 182
3 183
3 185
3 186
3 187
3 188
3 191
3 195
3 196
3 200
3 206
3 208
3 209
3 212
3 215
3 217
3 219
3 223
3 225
3 227
3 228
3 231
3 232
3 236
3 240
3 242
3 245
3 248
4 7
4 11
4 12
4 21
4 34
4 36
4 37
4 39
4 45
4 48
4 51
4 54
4 62
4 63
4 76
4 78
4 82
4 87
4 93
4 94
4 98
4 100
4 103
4 104
4 108
4 111
4 112
4 114
4 122
4 124
4 126
4 128
4 133
4 134
4 136
4 137
4 139
4 143
4 145
4 147
4 150
4 154
4 155
4 156
4 157
4 159
4 162
4 163
4 171
4 175
4 181
4 183
4 190
4 194
4 196
4 199
4 201
4 209
4 210
4 212
4 215
4 217
4 218
4 219
4 223
4 225
4 226
4 228
4 240
4 241
4 242
4 244
4 245
4 246
4 248
4 250
5 7
5 9
5 17
5 18
5 20
5 25
5 29
5 30
5 32
5 35
5 36
5 37
5 40
5 42
5 44
5 55
5 58
5 59
5 61
5 71
5 73
5 75
5 77
5 85
5 87
5 88
5 93
5 95
5 96
5 97
5 98
5 104
5 107
5 111
5 112
5 118
5 119
5 125
5 127
5 128
5 129
5 131
5 132
5 138
5 140
5 144
5 145
5 146
5 147
5 149
5 150
5 151
5 156
5 157
5 159
5 169
5 175
5 176
5 179
5 181
5 183
5 189
5 195
5 210
5 211
5 212
5 214
5 215
5 217
5 218
5 219
5 223
5 224
5 229
5 230
5 231
5 237
5 239
5 250
6 9
6 12
6 15
6 18
6 21
6 25
6 30
6 32
6 34
6 43
6 44
6 47
6 48
6 51
6 54
6 57
6 59
6 63
6 64
6 66
6 80
6 83
6 89
6 91
6 92
6 100
6 103
6 111
6 114
6 116
6 118
6 123
6 126
6 128
6 134
6 136
6 140
6 147
6 148
6 150
6 153
6 161
6 163
6 169
6 178
6 181
6 183
6 184
6 185
6 187
6 191
6 193
6 194
6 197
6 203
6 204
6 205
6 208
6 209
6 210
6 219
6 220
6 223
6 225
6 228
6 229
6 232
6 233
6 236
6 237
6 239
6 240
6 242
6 244
6 245
6 247
6 249
6 250
7 8
7 9
7 13
7 17
7 24
7 25
7 30
7 33
7 34
7 36
7 38
7 48
7 49
7 54
7 57
7 58
7 62
7 68
7 71
7 73
7 75
7 77
7 80
7 84
7 90
7 93
7 94
7 95
7 97
7 106
7 109
7 111
7 112
7 115
7 119
7 122
7 130
7 131
7 138
7 142
7 145
7 146
7 147
7 150
7 152
7 153
7 156
7 158
7 162
7 166
7 167
7 168
7 170
7 171
7 178
7 181
7 186
7 188
7 190
7 193
7 195
7 199
7 205
7 208
7 211
7 215
7 221
7 222
7 231
7 232
7 233
7 236
7 237
7 239
7 242
7 247
8 13
8 16
8 19
8 21
8 24
8 25
8 26
8 31
8 32
8 35
8 36
8 37
8 43
8 45
8 48
8 53
8 54
8 61
8 67
8 72
8 76
8 77
8 87
8 93
8 95
8 97
8 100
8 104
8 108
8 111
8 118
8 119
8 120
8 125
8 128
8 137
8 139
8 143
8 145
8 146
8 149
8 150
8 151
8 154
8 157
8 160
8 161
8 166
8 167
8 170
8 171
8 172
8 176
8 177
8 179
8 183
8 187
8 188
8 193
8 196
8 204
8 205
8 207
8 208
8 210
8 212
8 213
8 224
8 225
8 227
8 228
8 232
8 236
8 240
8 241
8 247
9 13
9 16
9 22
9 24
9 26
9 33
9 34
9 38
9 39
9 40
9 46
9 56
9 60
9 61
9 62
9 64
9 68
9 70
9 75
9 80
9 83
9 85
9 87
9 90
9 91
9 92
9 108
9 111
9 119
9 120
9 127
9 128
9 133
9 139
9 140
9 142
9 143
9 146
9 148
9 151
9 153
9 156
9 159
9 160
9 166
9 167
9 177
9 179
9 180
9 183
9 184
9 185
9 190
9 192
9 194
9 196
9 203
9 205
9 207
9 218
9 219
9 220
9 222
9 227
9 229
9 230
9 232
9 233
9 234
9 236
9 239
9 240
9 242
9 247
9 248
10 11
10 14
10 16
10 18
10 23
10 25
10 29
10 30
10 32
10 34
10 37
10 42
10 47
10 48
10 52
10 54
10 57
10 58
10 69
10 72
10 73
10 78
10 81
10 86
10 88
10 90
10 94
10 97
10 98
10 106
10 108
10 109
10 110
10 112
10 113
10 114
10 115
10 116
10 119
10 123
10 128
10 129
10 130
10 134
10 135
10 146
10 157
10 160
10 162
10 164
10 169
10 179
10 181
10 182
10 183
10 184
10 187
10 188
10 191
10 199
10 201
10 205
10 206
10 213
10 214
10 217
10 218
10 221
10 222
10 225
10 237
10 239
10 242
10 246
10 247
10 249
11 12
11 13
11 15
11 16
11 23
11 28
11 30
11 33
11 38
11 39
11 40
11 41
11 44
11 47
11 49
11 51
11 55
11 56
11 57
11 62
11 67
11 88
11 91
11 94
11 99
11 101
11 103
11 105
11 107
11 109
11 110
11 112
11 114
11 117
11 128
11 133
11 142
11 143
11 145
11 150
11 151
11 152
11 157
11 167
11 172
11 179
11 180
11 181
11 187
11 190
11 195
11 198
11 201
11 203
11 208
11 210
11 211
11 212
11 214
11 217
11 218
11 223
11 224
11 225
11 226
11 227
11 231
11 233
11 235
11 246
11 247
11 248
12 14
12 16
12 22
12 23
12 25
12 28
12 30
12 36
12 41
12 43
12 47
12 49
12 54
12 57
12 61
12 63
12 64
12 65
12 67
12 72
12 75
12 79
12 81
12 88
12 96
12 98
12 99
12 100
12 105
12 106
12 107
12 108
12 109
12 112
12 115
12 116
12 119
12 120
12 121
12 122
12 124
12 125
12 134
12 135
12 139
12 143
12 145
12 146
12 147
12 157
12 159
12 162
12 163
12 168
12 170
12 171
12 176
12 177
12 178
12 180
12 186
12 192
12 196
12 198
12 199
12 201
12 205
12 207
12 213
12 214
12 216
12 222
12 227
12 229
12 231
12 234
12 235
12 242
12 247
13 21
13 23
13 28
13 33
13 40
13 42
13 46
13 51
13 53
13 55
13 71
13 73
13 78
13 81
13 82
13 86
13 87
13 91
13 92
13 94
13 96
13 97
13 103
13 110
13 112
13 116
13 117
13 120
13 122
13 123
13 124
13 130
13 131
13 135
13 136
13 137
13 139
13 142
13 143
13 147
13 149
13 155
13 157
13 167
13 170
13 173
13 174
13 175
13 181
13 191
13 192
13 194
13 195
13 197
13 198
13 205
13 208
13 210
13 212
13 213
13 218
13 220
13 222
13 224
13 225
13 227
13 234
13 235
13 236
13 239
13 240
13 243
13 249
14 16
14 23
14 26
14 28
14 34
14 37
14 39
14 44
14 45
14 46
14 47
14 48
14 49
14 52
14 53
14 57
14 61
14 71
14 73
14 80
14 82
14 85
14 90
14 93
14 103
14 104
14 111
14 117
14 120
14 125
14 126
14 131
14 132
14 138
14 139
14 144
14 148
14 150
14 152
14 155
14 158
14 165
14 170
14 172
14 174
14 176
14 177
14 181
14 184
14 185
14 189
14 196
14 201
14 202
14 203
14 205
14 209
14 211
14 212
14 213
14 224
14 225
14 228
14 233
14 234
14 235
14 236
14 238
14 244
14 249
15 18
15 20
15 26
15 31
15 33
15 35
15 36
15 38
15 42
15 46
15 51
15 54
15 60
15 66
15 67
15 74
15 77
15 81
15 89
15 90
15 91
15 92
15 94
15 98
15 99
15 100
15 101
15 103
15 104
15 105
15 106
15 111
15 113
15 115
15 116
15 119
15 126
15 127
15 128
15 130
15 133
15 134
15 136
15 138
15 139
15 141
15 149
15 165
15 169
15 171
15 174
15 175
15 176
15 178
15 181
15 183
15 186
15 187
15 188
15 190
15 191
15 192
15 194
15 195
15 200
15 201
15 203
15 206
15 210
15 216
15 218
15 225
15 226
15 229
15 232
15 233
15 234
15 236
15 239
15 240
15 243
15 246
16 18
16 26
16 29
16 30
16 32
16 33
16 34
16 36
16 37
16 41
16 46
16 48
16 50
16 53
16 57
16 58
16 60
16 64
16 65
16 71
16 72
16 74
16 77
16 83
16 85
16 90
16 91
16 97
16 98
16 99
16 102
16 106
16 108
16 109
16 110
16 111
16 115
16 123
16 125
16 126
16 130
16 131
16 132
16 133
16 135
16 150
16 151
16 153
16 154
16 157
16 161
16 164
16 167
16 168
16 171
16 175
16 176
16 179
16 180
16 183
16 191
16 194
16 195
16 198
16 200
16 203
16 204
16 205
16 213
16 214
16 215
16 217
16 218
16 225
16 226
16 229
16 233
16 234
16 235
16 237
16 239
16 240
16 241
16 244
16 248
17 24
17 27
17 29
17 31
17 43
17 44
17 48
17 51
17 68
17 70
17 71
17 75
17 77
17 78
17 79
17 82
17 83
17 84
17 89
17 92
17 93
17 94
17 95
17 97
17 102
17 109
17 110
17 112
17 113
17 114
17 115
17 116
17 118
17 122
17 123
17 128
17 138
17 139
17 140
17 144
17 158
17 163
17 164
17 165
17 171
17 172
17 177
17 180
17 181
17 186
17 190
17 192
17 193
17 195
17 199
17 209
17 218
17 219
17 224
17 229
17 234
17 240
17 245
18 23
18 26
18 31
18 35
18 37
18 40
18 44
18 46
18 47
18 51
18 55
18 58
18 59
18 60
18 70
18 73
18 85
18 87
18 88
18 91
18 95
18 102
18 117
18 119
18 121
18 122
18 125
18 126
18 128
18 132
18 137
18 138
18 148
18 152
18 153
18 154
18 156
18 157
18 161
18 164
18 169
18 171
18 174
18 178
18 183
18 185
18 186
18 191
18 192
18 193
18 197
18 200
18 209
18 210
18 212
18 215
18 216
18 218
18 225
18 231
18 236
18 247
18 250
19 20
19 21
19 22
19 24
19 25
19 38
19 41
19 42
19 43
19 47
19 48
19 49
19 54
19 56
19 57
19 58
19 59
19 60
19 63
19 65
19 68
19 70
19 71
19 73
19 75
19 76
19 77
19 78
19 83
19 84
19 89
19 96
19 98
19 100
19 101
19 105
19 111
19 118
19 127
19 129
19 134
19 136
19 137
19 139
19 143
19 144
19 146
19 149
19 151
19 156
19 159
19 165
19 170
19 171
19 173
19 174
19 178
19 181
19 187
19 193
19 196
19 202
19 207
19 211
19 221
19 225
19 228
19 229
19 240
19 244
19 249
20 28
20 29
20 30
20 31
20 32
20 35
20 38
20 40
20 41
20 43
20 51
20 55
20 56
20 57
20 61
20 62
20 65
20 72
20 74
20 78
20 80
20 81
20 84
20 90
20 92
20 93
20 94
20 98
20 100
20 103
20 104
20 106
20 108
20 113
20 114
20 115
20 118
20 119
20 120
20 126
20 132
20 133
20 138
20 146
20 163
20 165
20 167
20 169
20 170
20 171
20 173
20 174
20 175
20 176
20 180
20 184
20 190
20 191
20 194
20 195
20 199
20 201
20 203
20 205
20 207
20 209
20 210
20 217
20 218
20 223
20 224
20 226
20 229
20 231
20 232
20 235
20 241
20 244
20 247
20 248
21 22
21 25
21 26
21 27
21 29
21 30
21 31
21 34
21 35
21 36
21 40
21 41
21 54
21 55
21 57
21 58
21 61
21 62
21 65
21 66
21 68
21 72
21 73
21 77
21 78
21 84
21 86
21 87
21 92
21 94
21 95
21 96
21 99
21 100
21 106
21 107
21 113
21 120
21 126
21 128
21 130
21 136
21 137
21 138
21 141
21 142
21 146
21 148
21 157
21 160
21 161
21 163
21 164
21 171
21 173
21 175
21 176
21 179
21 183
21 187
21 189
21 191
21 197
21 201
21 202
21 204
21 206
21 208
21 209
21 212
21 219
21 225
21 230
21 236
21 245
21 246
21 247
22 26
22 34
22 36
22 38
22 39
22 42
22 46
22 47
22 51
22 54
22 59
22 60
22 66
22 67
22 71
22 72
22 78
22 80
22 81
22 86
22 89
22 107
22 110
22 112
22 118
22 120
22 121
22 124
22 129
22 136
22 140
22 145
22 147
22 157
22 159
22 162
22 166
22 174
22 180
22 181
22 182
22 183
22 186
22 189
22 193
22 194
22 195
22 199
22 204
22 206
22 211
22 215
22 225
22 230
22 232
22 234
22 236
22 240
22 244
22 247
23 24
23 29
23 34
23 35
23 42
23 48
23 49
23 52
23 53
23 56
23 58
23 60
23 62
23 66
23 68
23 70
23 72
23 75
23 76
23 79
23 80
23 82
23 85
23 86
23 88
23 89
23 91
23 93
23 94
23 101
23 102
23 109
23 115
23 121
23 130
23 131
23 132
23 140
23 146
23 149
23 150
23 151
23 155
23 158
23 159
23 160
23 162
23 164
23 168
23 169
23 170
23 174
23 180
23 181
23 183
23 184
23 186
23 187
23 188
23 195
23 204
23 205
23 208
23 211
23 212
23 217
23 219
23 221
23 224
23 227
23 236
23 245
23 246
23 249
23 250
24 25
24 27
24 31
24 45
24 46
24 49
24 51
24 54
24 56
24 70
24 72
24 73
24 82
24 90
24 91
24 93
24 96
24 98
24 101
24 108
24 114
24 116
24 118
24 119
24 122
24 127
24 130
24 135
24 137
24 146
24 149
24 154
24 155
24 158
24 161
24 163
24 164
24 165
24 171
24 172
24 173
24 174
24 176
24 179
24 180
24 181
24 185
24 186
24 196
24 204
24 211
24 218
24 219
24 222
24 227
24 230
24 233
24 237
24 238
24 242
24 244
24 247
24 249
25 26
25 30
25 33
25 34
25 35
25 38
25 40
25 41
25 64
25 70
25 75
25 84
25 86
25 87
25 88
25 91
25 96
25 99
25 110
25 112
25 113
25 115
25 117
25 126
25 127
25 129
25 131
25 132
25 135
25 136
25 140
25 141
25 146
25 150
25 152
25 153
25 157
25 158
25 161
25 163
25 165
25 168
25 170
25 174
25 178
25 181
25 188
25 191
25 193
25 196
25 202
25 205
25 208
25 209
25 211
25 219
25 220
25 222
25 224
25 225
25 227
25 228
25 229
25 230
25 232
25 233
25 236
25 239
25 240
25 244
25 246
25 247
26 27
26 28
26 33
26 37
26 40
26 42
26 43
26 48
26 55
26 61
26 70
26 71
26 75
26 77
26 78
26 82
26 93
26 95
26 96
26 101
26 108
26 110
26 116
26 124
26 126
26 128
26 129
26 134
26 139
26 143
26 149
26 158
26 159
26 176
26 177
26 189
26 194
26 195
26 198
26 201
26 203
26 208
26 211
26 213
26 215
26 224
26 227
26 233
26 237
26 239
26 242
26 246
26 247
26 249
26 250
27 38
27 39
27 42
27 43
27 44
27 47
27 48
27 49
27 51
27 53
27 58
27 60
27 64
27 67
27 68
27 70
27 72
27 74
27 75
27 80
27 81
27 84
27 85
27 86
27 88
27 89
27 92
27 93
27 94
27 96
27 100
27 101
27 112
27 113
27 127
27 128
27 134
27 153
27 154
27 158
27 159
27 166
27 167
27 169
27 170
27 173
27 174
27 177
27 195
27 196
27 203
27 205
27 209
27 212
27 220
27 221
27 223
27 225
27 233
27 239
27 243
27 244
27 247
27 250
28 29
28 41
28 42
28 43
28 45
28 50
28 52
28 56
28 57
28 59
28 61
28 63
28 68
28 69
28 71
28 73
28 75
28 76
28 78
28 79
28 81
28 82
28 85
28 86
28 88
28 94
28 95
28 96
28 101
28 106
28 112
28 114
28 116
28 120
28 121
28 125
28 127
28 129
28 132
28 136
28 144
28 149
28 159
28 164
28 165
28 166
28 173
28 174
28 175
28 183
28 184
28 190
28 192
28 198
28 202
28 208
28 211
28 214
28 217
28 221
28 222
28 223
28 224
28 225
28 227
28 230
28 237
28 238
28 239
28 243
28 244
28 246
28 249
28 250
29 39
29 47
29 48
29 60
29 74
29 82
29 88
29 90
29 93
29 100
29 106
29 108
29 115
29 119
29 124
29 125
29 126
29 131
29 133
29 137
29 138
29 143
29 144
29 145
29 147
29 149
29 157
29 158
29 162
29 165
29 166
29 167
29 168
29 169
29 170
29 171
29 174
29 176
29 190
29 191
29 201
29 203
29 205
29 206
29 208
29 212
29 217
29 218
29 220
29 221
29 223
29 224
29 225
29 226
29 230
29 234
29 235
29 236
29 237
29 238
29 239
29 241
29 248
29 249
30 39
30 40
30 42
30 52
30 55
30 60
30 61
30 69
30 71
30 73
30 77
30 82
30 86
30 89
30 90
30 94
30 96
30 98
30 106
30 110
30 111
30 113
30 114
30 117
30 119
30 126
30 128
30 133
30 136
30 139
30 141
30 144
30 148
30 149
30 155
30 158
30 159
30 164
30 169
30 170
30 172
30 175
30 176
30 184
30 187
30 190
30 192
30 193
30 194
30 195
30 197
30 200
30 202
30 203
30 207
30 208
30 215
30 216
30 219
30 221
30 226
30 227
30 228
30 231
30 233
30 241
30 246
30 248
31 33
31 43
31 44
31 49
31 51
31 54
31 63
31 67
31 69
31 70
31 74
31 76
31 77
31 84
31 85
31 92
31 94
31 102
31 107
31 108
31 112
31 114
31 115
31 123
31 125
31 126
31 129
31 130
31 132
31 133
31 134
31 136
31 137
31 140
31 144
31 154
31 156
31 164
31 168
31 170
31 174
31 175
31 176
31 178
31 180
31 183
31 187
31 189
31 194
31 195
31 198
31 202
31 203
31 208
31 214
31 218
31 223
31 231
31 232
31 234
31 235
31 239
31 240
31 241
31 245
31 247
32 37
32 40
32 41
32 46
32 54
32 56
32 57
32 62
32 63
32 64
32 65
32 68
32 73
32 88
32 90
32 99
32 103
32 107
32 108
32 116
32 117
32 126
32 129
32 133
32 135
32 136
32 139
32 140
32 141
32 142
32 146
32 149
32 150
32 153
32 157
32 159
32 160
32 166
32 173
32 175
32 177
32 178
32 181
32 183
32 184
32 188
32 193
32 196
32 199
32 202
32 205
32 207
32 208
32 211
32 215
32 219
32 222
32 223
32 229
32 231
32 233
32 235
32 237
32 239
32 241
32 244
32 245
32 247
33 36
33 39
33 41
33 52
33 53
33 55
33 56
33 57
33 59
33 69
33 82
33 83
33 85
33 90
33 92
33 93
33 100
33 106
33 107
33 110
33 116
33 118
33 120
33 125
33 126
33 137
33 144
33 145
33 146
33 151
33 157
33 165
33 167
33 171
33 172
33 177
33 178
33 179
33 180
33 185
33 188
33 194
33 198
33 199
33 200
33 202
33 203
33 206
33 209
33 211
33 212
33 213
33 216
33 217
33 222
33 223
33 227
33 228
33 231
33 232
33 236
33 239
33 247
33 248
33 250
34 41
34 43
34 45
34 49
34 50
34 55
34 62
34 64
34 69
34 74
34 75
34 79
34 81
34 86
34 91
34 92
34 94
34 102
34 108
34 112
34 122
34 124
34 125
34 127
34 132
34 133
34 135
34 140
34 146
34 150
34 152
34 153
34 157
34 167
34 175
34 176
34 182
34 188
34 190
34 191
34 192
34 193
34 194
34 199
34 208
34 209
34 210
34 211
34 213
34 214
34 217
34 219
34 220
34 221
34 222
34 224
34 228
34 229
34 231
34 236
34 244
34 248
34 249
35 40
35 51
35 53
35 56
35 59
35 61
35 63
35 64
35 67
35 68
35 73
35 83
35 85
35 88
35 91
35 92
35 99
35 104
35 106
35 107
35 108
35 114
35 116
35 128
35 135
35 137
35 138
35 147
35 148
35 149
35 151
35 152
35 153
35 154
35 155
35 166
35 167
35 172
35 181
35 182
35 184
35 187
35 188
35 193
35 195
35 197
35 202
35 205
35 208
35 210
35 213
35 214
35 215
35 216
35 219
35 222
35 227
35 228
35 231
35 236
35 238
35 241
35 244
35 246
35 248
36 37
36 39
36 42
36 43
36 54
36 56
36 60
36 62
36 64
36 65
36 67
36 68
36 69
36 74
36 79
36 81
36 84
36 88
36 91
36 94
36 103
36 106
36 110
36 114
36 116
36 117
36 118
36 121
36 122
36 128
36 130
36 135
36 139
36 140
36 145
36 146
36 150
36 151
36 155
36 161
36 166
36 173
36 179
36 188
36 189
36 193
36 200
36 203
36 205
36 209
36 211
36 213
36 228
36 230
36 232
36 237
36 239
36 241
36 242
36 245
37 38
37 39
37 40
37 44
37 53
37 54
37 57
37 58
37 60
37 63
37 67
37 73
37 78
37 79
37 80
37 85
37 91
37 92
37 94
37 96
37 107
37 113
37 114
37 119
37 130
37 132
37 134
37 136
37 137
37 142
37 147
37 149
37 151
37 152
37 153
37 162
37 164
37 165
37 167
37 173
37 175
37 177
37 178
37 179
37 180
37 183
37 185
37 186
37 194
37 195
37 199
37 202
37 204
37 206
37 210
37 211
37 218
37 221
37 229
37 235
37 237
37 245
38 43
38 46
38 52
38 56
38 59
38 63
38 67
38 73
38 77
38 78
38 80
38 81
38 87
38 90
38 96
38 100
38 101
38 102
38 103
38 109
38 116
38 122
38 130
38 132
38 134
38 135
38 140
38 148
38 149
38 179
38 181
38 182
38 183
38 190
38 192
38 195
38 200
38 202
38 204
38 205
38 207
38 208
38 212
38 217
38 218
38 221
38 222
38 229
38 230
38 236
38 237
38 242
38 243
38 244
38 249
39 40
39 41
39 48
39 50
39 51
39 61
39 62
39 64
39 66
39 68
39 71
39 75
39 84
39 85
39 86
39 87
39 88
39 93
39 97
39 98
39 99
39 101
39 103
39 106
39 107
39 108
39 109
39 111
39 112
39 118
39 121
39 122
39 128
39 129
39 133
39 134
39 135
39 136
39 139
39 143
39 148
39 150
39 152
39 156
39 158
39 162
39 164
39 169
39 179
39 188
39 193
39 202
39 203
39 205
39 209
39 221
39 223
39 225
39 233
39 234
39 237
39 241
39 244
39 247
39 249
39 250
40 44
40 45
40 46
40 55
40 58
40 65
40 67
40 68
40 70
40 72
40 76
40 77
40 78
40 83
40 90
40 93
40 97
40 104
40 107
40 109
40 110
40 112
40 113
40 117
40 119
40 120
40 123
40 133
40 139
40 144
40 150
40 152
40 154
40 156
40 157
40 161
40 163
40 166
40 167
40 169
40 173
40 175
40 176
40 177
40 178
40 179
40 183
40 191
40 197
40 200
40 207
40 208
40 210
40 211
40 213
40 220
40 222
40 224
40 226
40 230
40 232
40 236
40 237
40 240
40 243
40 245
40 248
40 249
41 45
41 46
41 62
41 65
41 69
41 72
41 73
41 75
41 76
41 82
41 83
41 85
41 89
41 94
41 97
41 99
41 101
41 103
41 106
41 108
41 122
41 127
41 130
41 136
41 149
41 150
41 151
41 152
41 154
41 156
41 159
41 169
41 174
41 177
41 181
41 188
41 195
41 203
41 206
41 208
41 209
41 210
41 214
41 216
41 217
41 221
41 222
41 223
41 225
41 227
41 229
41 232
41 239
41 240
41 242
41 245
41 250
42 43
42 58
42 60
42 72
42 75
42 76
42 83
42 88
42 93
42 98
42 100
42 104
42 105
42 106
42 109
42 111
42 116
42 119
42 121
42 123
42 127
42 130
42 137
42 138
42 140
42 141
42 143
42 145
42 146
42 147
42 149
42 150
42 157
42 160
42 162
42 170
42 171
42 172
42 175
42 176
42 181
42 184
42 186
42 193
42 195
42 197
42 201
42 202
42 204
42 206
42 207
42 217
42 218
42 221
42 228
42 230
42 233
42 238
42 239
42 245
43 44
43 46
43 49
43 50
43 52
43 53
43 56
43 59
43 60
43 67
43 71
43 75
43 76
43 77
43 78
43 81
43 88
43 89
43 90
43 92
43 97
43 99
43 104
43 108
43 113
43 116
43 123
43 124
43 134
43 135
43 142
43 144
43 148
43 152
43 157
43 159
43 161
43 164
43 169
43 173
43 176
43 184
43 185
43 186
43 187
43 189
43 196
43 204
43 205
43 208
43 214
43 215
43 216
43 219
43 224
43 232
43 233
43 234
43 239
43 241
43 246
44 47
44 50
44 52
44 53
44 54
44 57
44 60
44 66
44 67
44 69
44 70
44 73
44 75
44 78
44 87
44 88
44 89
44 92
44 94
44 95
44 97
44 100
44 101
44 103
44 107
44 108
44 109
44 113
44 119
44 120
44 123
44 129
44 134
44 137
44 142
44 146
44 149
44 155
44 157
44 159
44 162
44 169
44 181
44 185
44 187
44 190
44 191
44 195
44 198
44 199
44 200
44 202
44 203
44 206
44 210
44 211
44 212
44 226
44 228
44 229
44 230
44 234
44 235
44 237
44 238
44 244
44 247
44 249
45 52
45 53
45 57
45 68
45 76
45 77
45 78
45 80
45 82
45 83
45 85
45 94
45 97
45 101
45 105
45 109
45 110
45 113
45 114
45 118
45 121
45 125
45 128
45 130
45 132
45 136
45 139
45 142
45 143
45 145
45 146
45 149
45 150
45 151
45 155
45 158
45 161
45 163
45 167
45 168
45 169
45 170
45 172
45 181
45 185
45 189
45 193
45 203
45 207
45 211
45 212
45 217
45 219
45 225
45 239
45 246
46 49
46 55
46 57
46 58
46 64
46 66
46 67
46 76
46 80
46 86
46 88
46 98
46 99
46 103
46 123
46 126
46 128
46 130
46 133
46 136
46 137
46 138
46 140
46 141
46 146
46 155
46 156
46 161
46 166
46 175
46 176
46 177
46 180
46 183
46 184
46 186
46 188
46 190
46 192
46 198
46 199
46 201
46 203
46 211
46 213
46 214
46 215
46 219
46 221
46 223
46 228
46 231
46 233
46 242
46 243
46 247
47 48
47 49
47 50
47 53
47 64
47 66
47 68
47 69
47 70
47 73
47 82
47 83
47 86
47 89
47 91
47 94
47 99
47 103
47 104
47 105
47 107
47 108
47 109
47 110
47 112
47 116
47 120
47 121
47 122
47 123
47 124
47 127
47 128
47 129
47 135
47 143
47 149
47 153
47 156
47 160
47 161
47 169
47 175
47 176
47 178
47 181
47 188
47 193
47 195
47 197
47 199
47 201
47 203
47 208
47 210
47 214
47 218
47 220
47 221
47 226
47 227
47 233
47 240
47 242
48 49
48 52
48 53
48 57
48 58
48 63
48 66
48 67
48 70
48 74
48 75
48 77
48 78
48 79
48 80
48 92
48 93
48 94
48 100
48 103
48 104
48 109
48 112
48 125
48 128
48 132
48 135
48 143
48 144
48 146
48 152
48 154
48 155
48 158
48 163
48 165
48 167
48 180
48 181
48 183
48 185
48 187
48 188
48 190
48 192
48 200
48 202
48 205
48 206
48 211
48 216
48 217
48 219
48 220
48 221
48 222
48 223
48 227
48 230
48 236
48 238
48 241
48 245
48 246
49 50
49 53
49 57
49 58
49 67
49 68
49 86
49 97
49 104
49 110
49 115
49 119
49 123
49 125
49 129
49 130
49 137
49 142
49 146
49 151
49 157
49 161
49 164
49 166
49 167
49 170
49 173
49 174
49 175
49 178
49 184
49 188
49 193
49 194
49 196
49 201
49 203
49 204
49 206
49 214
49 218
49 221
49 227
49 240
49 242
49 244
49 246
49 247
50 52
50 55
50 56
50 61
50 70
50 71
50 76
50 77
50 80
50 82
50 84
50 95
50 97
50 99
50 101
50 102
50 105
50 108
50 110
50 112
50 113
50 114
50 115
50 116
50 117
50 118
50 119
50 127
50 133
50 144
50 145
50 152
50 158
50 166
50 167
50 169
50 171
50 172
50 173
50 178
50 181
50 183
50 184
50 186
50 187
50 191
50 195
50 196
50 199
50 204
50 206
50 208
50 211
50 213
50 215
50 219
50 222
50 227
50 233
50 240
50 242
51 52
51 54
51 56
51 60
51 61
51 63
51 69
51 70
51 72
51 73
51 74
51 82
51 85
51 86
51 89
51 93
51 98
51 102
51 106
51 109
51 110
51 111
51 114
51 120
51 128
51 129
51 130
51 134
51 135
51 145
51 149
51 153
51 161
51 162
51 166
51 173
51 181
51 183
51 184
51 185
51 194
51 200
51 204
51 208
51 209
51 211
51 215
51 216
51 221
51 227
51 231
51 232
51 236
51 238
51 239
51 240
51 246
51 247
52 58
52 63
52 69
52 74
52 78
52 81
52 86
52 91
52 99
52 103
52 107
52 114
52 120
52 134
52 136
52 140
52 142
52 149
52 152
52 156
52 157
52 160
52 167
52 169
52 173
52 182
52 184
52 185
52 196
52 198
52 202
52 204
52 208
52 213
52 215
52 218
52 220
52 222
52 223
52 226
52 228
52 229
52 231
52 234
52 240
52 246
52 250
53 54
53 58
53 62
53 64
53 66
53 67
53 72
53 77
53 79
53 80
53 90
53 94
53 95
53 100
53 102
53 104
53 109
53 110
53 112
53 113
53 114
53 116
53 118
53 120
53 121
53 122
53 124
53 127
53 128
53 129
53 135
53 143
53 144
53 149
53 153
53 154
53 155
53 156
53 164
53 171
53 173
53 175
53 176
53 181
53 183
53 184
53 185
53 192
53 195
53 201
53 203
53 206
53 212
53 217
53 220
53 223
53 228
53 235
53 237
53 240
53 244
53 247
53 248
54 61
54 64
54 66
54 67
54 69
54 74
54 75
54 78
54 81
54 86
54 87
54 88
54 92
54 95
54 100
54 104
54 107
54 110
54 113
54 117
54 122
54 124
54 127
54 132
54 135
54 137
54 141
54 142
54 145
54 146
54 148
54 151
54 157
54 159
54 163
54 165
54 168
54 169
54 172
54 174
54 175
54 178
54 184
54 186
54 189
54 193
54 194
54 200
54 205
54 206
54 208
54 210
54 213
54 215
54 220
54 229
54 232
54 233
54 235
54 237
54 245
54 248
55 60
55 62
55 65
55 68
55 73
55 82
55 85
55 98
55 100
55 101
55 107
55 112
55 118
55 119
55 121
55 122
55 123
55 128
55 130
55 131
55 134
55 135
55 137
55 141
55 143
55 145
55 146
55 150
55 155
55 156
55 157
55 162
55 166
55 177
55 181
55 183
55 184
55 186
55 187
55 189
55 190
55 192
55 193
55 197
55 199
55 200
55 205
55 206
55 207
55 209
55 210
55 214
55 215
55 219
55 220
55 223
55 224
55 227
55 232
55 234
55 241
55 243
55 246
55 247
55 248
56 58
56 60
56 61
56 64
56 70
56 77
56 82
56 86
56 88
56 93
56 99
56 109
56 111
56 112
56 115
56 118
56 121
56 123
56 125
56 126
56 140
56 144
56 147
56 150
56 156
56 157
56 158
56 160
56 163
56 164
56 168
56 169
56 170
56 173
56 175
56 176
56 186
56 190
56 192
56 193
56 194
56 197
56 198
56 204
56 209
56 214
56 228
56 233
56 238
56 239
56 246
56 249
57 60
57 61
57 62
57 64
57 65
57 66
57 69
57 71
57 75
57 78
57 80
57 88
57 93
57 94
57 96
57 105
57 114
57 121
57 124
57 127
57 132
57 134
57 135
57 139
57 141
57 143
57 147
57 152
57 162
57 166
57 167
57 168
57 171
57 173
57 181
57 191
57 200
57 206
57 214
57 216
57 220
57 222
57 223
57 227
57 228
57 229
57 237
57 240
57 244
57 245
57 250
58 59
58 61
58 70
58 71
58 72
58 73
58 75
58 76
58 78
58 81
58 82
58 89
58 95
58 97
58 99
58 100
58 102
58 104
58 105
58 113
58 118
58 120
58 125
58 126
58 127
58 129
58 130
58 133
58 138
58 140
58 142
58 145
58 153
58 154
58 156
58 165
58 172
58 177
58 179
58 181
58 185
58 186
58 190
58 191
58 202
58 208
58 211
58 212
58 215
58 217
58 219
58 220
58 222
58 223
58 225
58 227
58 229
58 234
58 240
58 243
58 247
59 71
59 74
59 82
59 83
59 84
59 88
59 90
59 94
59 102
59 103
59 105
59 119
59 121
59 123
59 124
59 125
59 127
59 130
59 135
59 136
59 140
59 141
59 142
59 143
59 147
59 148
59 149
59 150
59 151
59 153
59 155
59 164
59 165
59 177
59 178
59 181
59 184
59 190
59 195
59 197
59 200
59 201
59 205
59 206
59 207
59 210
59 212
59 214
59 227
59 231
59 236
59 237
60 61
60 64
60 65
60 71
60 73
60 77
60 79
60 80
60 82
60 84
60 85
60 86
60 88
60 91
60 94
60 99
60 101
60 104
60 111
60 112
60 114
60 116
60 124
60 131
60 132
60 140
60 144
60 146
60 154
60 165
60 171
60 172
60 177
60 184
60 186
60 191
60 193
60 198
60 202
60 204
60 209
60 210
60 212
60 215
60 218
60 220
60 224
60 228
60 231
60 236
60 240
60 248
60 250
61 64
61 65
61 68
61 71
61 72
61 77
61 80
61 89
61 90
61 91
61 93
61 95
61 98
61 100
61 102
61 103
61 111
61 112
61 115
61 116
61 119
61 120
61 123
61 124
61 125
61 136
61 137
61 138
61 139
61 143
61 146
61 147
61 150
61 156
61 157
61 158
61 159
61 161
61 163
61 168
61 169
61 172
61 174
61 176
61 178
61 182
61 185
61 189
61 190
61 192
61 196
61 199
61 201
61 202
61 205
61 208
61 215
61 216
61 226
61 227
61 232
61 234
61 238
61 240
61 241
61 242
61 243
61 244
61 245
61 246
62 63
62 65
62 68
62 69
62 71
62 72
62 77
62 87
62 94
62 101
62 104
62 107
62 108
62 110
62 111
62 113
62 118
62 123
62 125
62 127
62 129
62 137
62 138
62 140
62 152
62 156
62 160
62 166
62 167
62 174
62 175
62 177
62 182
62 188
62 190
62 191
62 192
62 193
62 194
62 195
62 202
62 204
62 205
62 207
62 208
62 211
62 215
62 217
62 222
62 224
62 228
62 229
62 235
62 236
62 244
62 245
62 250
63 64
63 80
63 85
63 87
63 95
63 96
63 101
63 107
63 109
63 117
63 118
63 119
63 123
63 130
63 132
63 134
63 136
63 140
63 142
63 143
63 145
63 146
63 148
63 162
63 168
63 169
63 170
63 173
63 175
63 178
63 179
63 183
63 187
63 192
63 195
63 201
63 202
63 203
63 204
63 205
63 212
63 214
63 215
63 227
63 231
63 232
64 67
64 77
64 80
64 84
64 85
64 88
64 95
64 100
64 104
64 107
64 108
64 109
64 110
64 112
64 121
64 126
64 130
64 131
64 134
64 135
64 139
64 140
64 141
64 144
64 145
64 146
64 148
64 156
64 158
64 166
64 169
64 172
64 177
64 178
64 180
64 181
64 183
64 187
64 194
64 195
64 198
64 200
64 202
64 207
64 208
64 215
64 218
64 222
64 223
64 226
64 227
64 229
64 231
64 233
64 236
64 240
64 242
64 243
64 245
65 68
65 69
65 70
65 72
65 73
65 74
65 76
65 77
65 79
65 87
65 89
65 90
65 91
65 96
65 101
65 106
65 107
65 108
65 110
65 118
65 119
65 121
65 123
65 124
65 125
65 132
65 133
65 134
65 139
65 141
65 142
65 143
65 145
65 147
65 155
65 157
65 170
65 172
65 174
65 175
65 177
65 178
65 184
65 189
65 195
65 196
65 197
65 199
65 214
65 215
65 220
65 222
65 224
65 225
65 226
65 227
65 230
65 231
65 234
65 237
65 246
65 248
66 71
66 76
66 87
66 88
66 108
66 110
66 113
66 114
66 115
66 116
66 118
66 128
66 138
66 141
66 145
66 146
66 150
66 156
66 157
66 161
66 163
66 165
66 166
66 167
66 170
66 171
66 174
66 175
66 180
66 183
66 184
66 186
66 189
66 190
66 192
66 196
66 203
66 207
66 209
66 211
66 213
66 214
66 215
66 217
66 221
66 222
66 230
66 232
66 233
66 235
66 241
66 244
66 246
66 250
67 70
67 71
67 75
67 76
67 78
67 81
67 82
67 83
67 86
67 90
67 92
67 97
67 99
67 100
67 104
67 111
67 120
67 131
67 133
67 134
67 138
67 144
67 147
67 151
67 152
67 155
67 156
67 158
67 159
67 163
67 164
67 165
67 166
67 172
67 178
67 179
67 185
67 186
67 190
67 194
67 195
67 197
67 199
67 203
67 206
67 208
67 211
67 215
67 216
67 225
67 230
67 233
67 235
67 236
67 240
67 244
67 248
67 250
68 74
68 88
68 89
68 90
68 91
68 94
68 97
68 99
68 100
68 102
68 108
68 110
68 111
68 112
68 114
68 118
68 120
68 122
68 125
68 132
68 133
68 136
68 138
68 146
68 149
68 154
68 156
68 157
68 158
68 159
68 164
68 166
68 167
68 168
68 172
68 173
68 175
68 182
68 185
68 186
68 187
68 188
68 189
68 195
68 201
68 205
68 215
68 216
68 217
68 220
68 231
68 234
68 241
68 244
68 245
68 246
68 250
69 71
69 72
69 75
69 85
69 88
69 92
69 98
69 100
69 105
69 108
69 109
69 112
69 113
69 114
69 115
69 117
69 118
69 126
69 128
69 130
69 139
69 140
69 143
69 147
69 151
69 158
69 166
69 175
69 178
69 181
69 187
69 188
69 189
69 194
69 198
69 202
69 203
69 204
69 207
69 210
69 215
69 219
69 222
69 226
69 228
69 237
69 238
69 239
69 240
69 241
69 244
70 75
70 76
70 78
70 80
70 83
70 85
70 86
70 94
70 97
70 109
70 110
70 112
70 113
70 114
70 116
70 118
70 124
70 129
70 130
70 131
70 132
70 134
70 139
70 153
70 157
70 163
70 164
70 168
70 172
70 175
70 176
70 177
70 178
70 179
70 186
70 188
70 192
70 193
70 200
70 202
70 203
70 212
70 213
70 215
70 218
70 222
70 223
70 226
70 231
70 233
70 234
70 236
70 237
70 239
70 242
70 243
70 244
70 246
71 72
71 73
71 74
71 75
71 76
71 92
71 97
71 99
71 100
71 112
71 118
71 119
71 121
71 122
71 132
71 136
71 140
71 143
71 145
71 146
71 153
71 155
71 156
71 157
71 166
71 169
71 171
71 176
71 180
71 184
71 185
71 188
71 190
71 194
71 198
71 201
71 205
71 207
71 217
71 218
71 219
71 224
71 232
71 235
71 240
71 250
72 84
72 85
72 86
72 88
72 90
72 92
72 95
72 96
72 104
72 112
72 113
72 114
72 118
72 119
72 120
72 121
72 123
72 125
72 127
72 133
72 134
72 136
72 140
72 142
72 146
72 153
72 155
72 161
72 163
72 167
72 168
72 172
72 178
72 183
72 186
72 191
72 200
72 203
72 206
72 210
72 213
72 214
72 217
72 220
72 221
72 222
72 224
72 226
72 228
72 231
72 234
72 242
72 244
72 246
73 76
73 77
73 80
73 84
73 86
73 88
73 89
73 97
73 102
73 114
73 115
73 127
73 128
73 129
73 131
73 132
73 136
73 137
73 139
73 142
73 145
73 160
73 161
73 165
73 170
73 171
73 180
73 187
73 191
73 195
73 196
73 198
73 208
73 213
73 214
73 215
73 218
73 226
73 227
73 229
73 230
73 237
73 243
73 247
74 79
74 80
74 85
74 89
74 91
74 92
74 93
74 100
74 102
74 104
74 105
74 106
74 107
74 109
74 111
74 115
74 116
74 117
74 120
74 122
74 125
74 126
74 133
74 136
74 142
74 143
74 150
74 151
74 153
74 158
74 165
74 168
74 172
74 176
74 180
74 186
74 187
74 188
74 195
74 198
74 202
74 207
74 208
74 211
74 216
74 219
74 224
74 241
74 242
75 76
75 79
75 83
75 86
75 91
75 93
75 105
75 107
75 116
75 120
75 131
75 137
75 139
75 145
75 146
75 148
75 149
75 150
75 154
75 163
75 167
75 177
75 179
75 189
75 190
75 194
75 199
75 200
75 202
75 208
75 210
75 211
75 216
75 221
75 222
75 223
75 226
75 228
75 243
75 246
75 247
76 78
76 90
76 97
76 98
76 99
76 101
76 104
76 106
76 108
76 113
76 118
76 119
76 125
76 129
76 136
76 139
76 140
76 142
76 143
76 147
76 153
76 154
76 155
76 161
76 163
76 168
76 171
76 172
76 174
76 175
76 176
76 177
76 183
76 185
76 186
76 188
76 190
76 192
76 193
76 198
76 199
76 200
76 204
76 214
76 216
76 219
76 222
76 226
76 227
76 230
76 231
76 238
76 240
76 244
76 246
77 79
77 82
77 84
77 86
77 89
77 90
77 99
77 107
77 108
77 109
77 110
77 111
77 112
77 119
77 125
77 126
77 129
77 131
77 132
77 139
77 140
77 142
77 143
77 150
77 152
77 155
77 156
77 157
77 159
77 162
77 166
77 167
77 177
77 179
77 182
77 183
77 192
77 193
77 197
77 198
77 199
77 200
77 204
77 207
77 209
77 212
77 213
77 218
77 227
77 228
77 236
77 238
77 243
77 245
77 247
77 250
78 79
78 81
78 86
78 90
78 93
78 95
78 99
78 103
78 105
78 107
78 112
78 113
78 116
78 119
78 120
78 126
78 127
78 129
78 132
78 138
78 141
78 145
78 146
78 147
78 148
78 149
78 151
78 152
78 153
78 155
78 162
78 163
78 164
78 168
78 169
78 174
78 175
78 179
78 184
78 185
78 186
78 188
78 198
78 201
78 202
78 203
78 204
78 216
78 220
78 223
78 225
78 229
78 237
78 244
78 245
78 246
78 250
79 80
79 83
79 85
79 87
79 92
79 101
79 109
79 113
79 114
79 117
79 119
79 122
79 124
79 126
79 132
79 133
79 135
79 138
79 140
79 142
79 143
79 144
79 147
79 149
79 150
79 155
79 156
79 158
79 166
79 168
79 170
79 171
79 173
79 175
79 177
79 179
79 181
79 182
79 185
79 186
79 188
79 189
79 191
79 194
79 195
79 197
79 202
79 206
79 208
79 209
79 210
79 230
79 231
79 247
80 85
80 92
80 97
80 101
80 103
80 106
80 107
80 111
80 114
80 116
80 128
80 129
80 130
80 132
80 136
80 142
80 146
80 147
80 156
80 159
80 161
80 165
80 170
80 173
80 174
80 175
80 183
80 184
80 185
80 188
80 189
80 193
80 201
80 205
80 207
80 209
80 210
80 211
80 212
80 213
80 216
80 219
80 220
80 221
80 228
80 229
80 230
80 231
80 241
80 246
80 248
80 250
81 86
81 87
81 88
81 90
81 91
81 99
81 102
81 103
81 105
81 110
81 122
81 125
81 130
81 131
81 132
81 141
81 142
81 150
81 157
81 159
81 172
81 174
81 178
81 179
81 181
81 189
81 194
81 196
81 199
81 208
81 211
81 215
81 219
81 221
81 222
81 227
81 228
81 234
81 235
81 236
81 238
81 241
81 242
81 244
82 84
82 87
82 91
82 93
82 96
82 106
82 109
82 113
82 116
82 119
82 120
82 121
82 122
82 123
82 126
82 135
82 140
82 143
82 144
82 152
82 156
82 159
82 160
82 164
82 180
82 186
82 189
82 192
82 198
82 199
82 204
82 210
82 212
82 214
82 227
82 228
82 235
82 245
82 247
82 248
83 88
83 89
83 92
83 94
83 95
83 101
83 102
83 107
83 109
83 113
83 114
83 121
83 131
83 133
83 135
83 136
83 139
83 140
83 142
83 144
83 152
83 153
83 156
83 158
83 159
83 161
83 164
83 170
83 171
83 178
83 183
83 187
83 194
83 195
83 197
83 200
83 202
83 203
83 204
83 207
83 208
83 210
83 211
83 212
83 213
83 215
83 216
83 217
83 218
83 220
83 221
83 226
83 228
83 229
83 231
83 232
83 233
83 235
83 239
83 249
84 88
84 90
84 96
84 98
84 102
84 106
84 110
84 113
84 114
84 120
84 122
84 123
84 125
84 126
84 135
84 137
84 141
84 143
84 145
84 147
84 157
84 165
84 169
84 170
84 172
84 175
84 179
84 181
84 182
84 186
84 193
84 198
84 202
84 203
84 204
84 206
84 207
84 212
84 213
84 218
84 220
84 221
84 224
84 230
84 234
84 237
84 238
84 240
84 242
84 246
85 87
85 89
85 94
85 97
85 100
85 101
85 111
85 112
85 113
85 119
85 121
85 126
85 130
85 136
85 138
85 139
85 140
85 141
85 142
85 149
85 150
85 153
85 154
85 157
85 165
85 167
85 170
85 172
85 173
85 177
85 178
85 186
85 199
85 201
85 204
85 206
85 209
85 210
85 211
85 212
85 215
85 222
85 224
85 231
85 234
85 235
85 237
85 241
85 243
86 87
86 90
86 95
86 100
86 107
86 108
86 117
86 119
86 122
86 125
86 126
86 128
86 132
86 133
86 140
86 142
86 143
86 147
86 149
86 150
86 152
86 158
86 169
86 170
86 174
86 178
86 180
86 181
86 185
86 188
86 190
86 193
86 194
86 195
86 196
86 197
86 199
86 201
86 203
86 205
86 206
86 210
86 211
86 212
86 214
86 215
86 220
86 221
86 230
86 232
86 236
86 238
86 243
86 248
87 88
87 90
87 92
87 94
87 100
87 103
87 104
87 105
87 108
87 109
87 130
87 135
87 143
87 144
87 149
87 150
87 159
87 163
87 166
87 169
87 170
87 171
87 172
87 175
87 183
87 189
87 192
87 194
87 195
87 198
87 199
87 200
87 203
87 204
87 207
87 211
87 212
87 215
87 216
87 220
87 221
87 222
87 232
87 234
87 235
87 236
87 244
87 245
87 248
88 90
88 94
88 95
88 97
88 100
88 101
88 109
88 111
88 117
88 118
88 121
88 124
88 129
88 132
88 133
88 134
88 136
88 140
88 141
88 147
88 150
88 155
88 156
88 159
88 161
88 163
88 165
88 174
88 179
88 183
88 184
88 186
88 187
88 198
88 199
88 200
88 204
88 205
88 207
88 213
88 214
88 215
88 218
88 220
88 222
88 224
88 226
88 228
88 232
88 234
88 238
89 100
89 107
89 115
89 122
89 123
89 124
89 125
89 126
89 132
89 135
89 136
89 139
89 145
89 152
89 154
89 159
89 162
89 164
89 165
89 167
89 168
89 171
89 172
89 179
89 180
89 181
89 184
89 185
89 190
89 192
89 194
89 198
89 200
89 207
89 209
89 210
89 211
89 217
89 220
89 224
89 227
89 228
89 230
89 235
89 241
89 243
89 245
89 247
89 249
89 250
90 91
90 98
90 103
90 105
90 110
90 111
90 113
90 118
90 120
90 122
90 127
90 134
90 135
90 137
90 138
90 143
90 144
90 152
90 154
90 155
90 156
90 164
90 165
90 172
90 173
90 174
90 184
90 186
90 187
90 191
90 195
90 196
90 208
90 214
90 226
90 228
90 229
90 230
90 231
90 232
90 237
90 243
90 246
91 92
91 95
91 97
91 99
91 106
91 114
91 121
91 128
91 129
91 133
91 137
91 141
91 147
91 152
91 156
91 158
91 163
91 164
91 168
91 175
91 180
91 182
91 185
91 188
91 192
91 195
91 201
91 202
91 208
91 216
91 217
91 222
91 227
91 233
91 235
91 236
91 238
91 241
91 242
91 244
91 250
92 93
92 96
92 97
92 105
92 106
92 109
92 113
92 118
92 122
92 123
92 129
92 134
92 136
92 137
92 142
92 153
92 158
92 168
92 170
92 175
92 186
92 189
92 192
92 194
92 196
92 200
92 201
92 203
92 206
92 212
92 213
92 215
92 222
92 223
92 227
92 229
92 232
92 233
92 250
93 98
93 103
93 108
93 110
93 112
93 114
93 116
93 118
93 123
93 124
93 131
93 133
93 138
93 141
93 143
93 149
93 150
93 152
93 153
93 160
93 161
93 162
93 167
93 173
93 174
93 182
93 187
93 189
93 191
93 192
93 195
93 198
93 199
93 200
93 217
93 220
93 222
93 223
93 225
93 228
93 231
93 234
93 236
93 238
93 248
94 95
94 104
94 110
94 111
94 112
94 115
94 116
94 117
94 120
94 122
94 123
94 127
94 128
94 133
94 136
94 137
94 139
94 140
94 142
94 149
94 154
94 156
94 157
94 158
94 169
94 174
94 175
94 179
94 181
94 188
94 190
94 191
94 194
94 199
94 204
94 205
94 207
94 208
94 211
94 213
94 217
94 221
94 229
94 230
94 231
94 233
94 236
94 239
94 240
94 247
94 250
95 96
95 101
95 104
95 107
95 109
95 112
95 114
95 117
95 118
95 120
95 123
95 130
95 139
95 147
95 157
95 159
95 160
95 162
95 163
95 168
95 170
95 172
95 176
95 182
95 184
95 189
95 196
95 197
95 212
95 220
95 223
95 224
95 225
95 229
95 231
95 232
95 233
95 240
95 242
95 244
96 99
96 105
96 112
96 113
96 115
96 116
96 121
96 124
96 127
96 128
96 132
96 133
96 134
96 139
96 149
96 151
96 157
96 162
96 165
96 168
96 175
96 176
96 177
96 184
96 190
96 191
96 195
96 198
96 200
96 202
96 204
96 206
96 208
96 219
96 227
96 228
96 230
96 232
96 233
96 236
96 239
96 242
96 249
97 98
97 100
97 105
97 106
97 109
97 110
97 112
97 119
97 122
97 127
97 129
97 134
97 135
97 137
97 141
97 142
97 145
97 151
97 154
97 162
97 167
97 173
97 178
97 183
97 186
97 187
97 198
97 202
97 204
97 210
97 212
97 220
97 223
97 225
97 226
97 227
97 229
97 231
97 236
97 237
97 241
97 243
98 99
98 100
98 101
98 105
98 107
98 108
98 110
98 119
98 123
98 126
98 127
98 130
98 140
98 142
98 143
98 146
98 152
98 157
98 158
98 169
98 171
98 173
98 174
98 175
98 178
98 179
98 181
98 184
98 188
98 189
98 195
98 198
98 201
98 203
98 210
98 211
98 212
98 215
98 218
98 219
98 221
98 230
98 231
98 232
98 233
98 234
98 241
98 242
98 244
98 246
98 250
99 101
99 103
99 107
99 111
99 114
99 119
99 121
99 124
99 128
99 138
99 139
99 145
99 146
99 147
99 148
99 150
99 152
99 153
99 154
99 160
99 165
99 167
99 168
99 173
99 174
99 177
99 187
99 197
99 201
99 206
99 207
99 211
99 212
99 214
99 221
99 223
99 227
99 228
99 229
99 231
99 236
99 237
99 238
99 243
99 244
99 247
99 248
100 102
100 106
100 110
100 114
100 115
100 116
100 120
100 122
100 125
100 126
100 132
100 133
100 138
100 141
100 147
100 148
100 153
100 156
100 157
100 158
100 161
100 171
100 176
100 177
100 181
100 187
100 189
100 192
100 194
100 203
100 205
100 218
100 222
100 224
100 227
100 228
100 229
100 230
100 232
100 235
100 236
100 238
100 242
100 244
100 247
100 248
100 249
101 103
101 104
101 108
101 110
101 112
101 119
101 123
101 126
101 128
101 130
101 131
101 132
101 137
101 141
101 142
101 146
101 155
101 160
101 161
101 166
101 167
101 168
101 169
101 171
101 173
101 183
101 185
101 190
101 193
101 195
101 196
101 197
101 199
101 200
101 201
101 203
101 204
101 206
101 210
101 214
101 216
101 217
101 220
101 226
101 233
101 234
101 235
101 237
101 241
101 243
101 244
101 246
101 249
102 103
102 109
102 110
102 114
102 117
102 119
102 120
102 124
102 127
102 128
102 138
102 142
102 145
102 146
102 157
102 159
102 160
102 161
102 166
102 172
102 177
102 183
102 184
102 189
102 191
102 197
102 204
102 207
102 208
102 209
102 211
102 213
102 216
102 217
102 221
102 225
102 226
102 227
102 234
102 235
102 237
102 238
102 244
102 247
102 248
103 113
103 116
103 122
103 123
103 125
103 126
103 140
103 142
103 143
103 144
103 151
103 155
103 157
103 158
103 163
103 164
103 168
103 177
103 180
103 186
103 187
103 188
103 189
103 192
103 193
103 195
103 197
103 198
103 202
103 205
103 206
103 211
103 218
103 219
103 227
103 228
103 230
103 236
103 239
103 243
103 246
104 105
104 107
104 108
104 117
104 120
104 121
104 131
104 135
104 143
104 146
104 147
104 151
104 157
104 159
104 160
104 163
104 165
104 167
104 172
104 174
104 185
104 188
104 193
104 195
104 197
104 202
104 207
104 209
104 210
104 211
104 213
104 214
104 216
104 221
104 224
104 229
104 232
104 233
104 235
104 236
104 237
104 242
104 243
105 106
105 109
105 110
105 119
105 122
105 124
105 125
105 128
105 129
105 132
105 133
105 134
105 136
105 141
105 142
105 143
105 145
105 147
105 152
105 153
105 164
105 165
105 167
105 172
105 174
105 176
105 178
105 179
105 182
105 188
105 192
105 194
105 196
105 201
105 203
105 205
105 208
105 209
105 213
105 222
105 229
105 231
105 234
105 237
105 238
105 241
105 244
105 245
106 107
106 112
106 115
106 117
106 119
106 121
106 123
106 128
106 131
106 137
106 138
106 141
106 146
106 148
106 149
106 159
106 161
106 164
106 166
106 168
106 174
106 177
106 179
106 180
106 196
106 198
106 202
106 205
106 210
106 211
106 212
106 216
106 217
106 222
106 228
106 229
106 230
106 233
106 236
106 241
106 244
106 248
106 249
107 108
107 109
107 111
107 121
107 127
107 135
107 138
107 140
107 145
107 146
107 148
107 149
107 151
107 156
107 158
107 159
107 160
107 164
107 166
107 178
107 181
107 183
107 190
107 191
107 193
107 200
107 203
107 208
107 217
107 218
107 222
107 225
107 228
107 230
107 231
107 236
107 244
107 246
107 249
108 111
108 112
108 117
108 120
108 121
108 126
108 127
108 128
108 129
108 140
108 141
108 143
108 146
108 168
108 172
108 173
108 174
108 179
108 182
108 183
108 187
108 189
108 193
108 199
108 202
108 204
108 205
108 214
108 217
108 220
108 225
108 232
108 235
108 237
108 238
108 239
108 244
108 246
108 247
108 250
109 113
109 115
109 116
109 117
109 120
109 122
109 130
109 137
109 140
109 145
109 151
109 158
109 159
109 161
109 165
109 172
109 180
109 181
109 183
109 191
109 196
109 198
109 199
109 200
109 209
109 211
109 217
109 218
109 222
109 227
109 230
109 232
109 234
109 238
109 239
109 242
109 243
109 245
109 248
109 249
110 111
110 112
110 113
110 115
110 116
110 120
110 121
110 123
110 126
110 127
110 130
110 133
110 134
110 135
110 144
110 145
110 146
110 151
110 152
110 157
110 159
110 160
110 163
110 167
110 168
110 169
110 182
110 184
110 191
110 194
110 196
110 197
110 201
110 202
110 205
110 213
110 215
110 216
110 217
110 219
110 220
110 221
110 222
110 223
110 224
110 232
110 235
110 242
110 247
110 249
111 115
111 122
111 123
111 129
111 130
111 138
111 140
111 142
111 144
111 150
111 155
111 160
111 162
111 166
111 167
111 170
111 173
111 174
111 179
111 181
111 190
111 196
111 198
111 199
111 201
111 202
111 206
111 208
111 214
111 215
111 217
111 218
111 219
111 221
111 222
111 226
111 227
111 235
111 236
111 237
111 239
111 242
111 244
111 248
111 250
112 119
112 125
112 128
112 129
112 132
112 140
112 145
112 146
112 147
112 148
112 150
112 154
112 156
112 159
112 165
112 166
112 167
112 168
112 171
112 175
112 176
112 179
112 181
112 182
112 183
112 191
112 197
112 200
112 205
112 212
112 215
112 216
112 219
112 222
112 223
112 224
112 225
112 232
112 234
112 243
112 245
112 247
112 248
112 249
112 250
113 114
113 116
113 118
113 126
113 128
113 129
113 133
113 138
113 143
113 146
113 150
113 156
113 157
113 158
113 160
113 162
113 163
113 169
113 170
113 173
113 176
113 178
113 179
113 180
113 181
113 183
113 184
113 187
113 190
113 193
113 194
113 201
113 203
113 206
113 208
113 211
113 224
113 227
113 229
113 232
113 233
113 235
113 238
113 243
113 246
113 248
114 117
114 124
114 131
114 134
114 136
114 137
114 143
114 145
114 148
114 151
114 165
114 168
114 173
114 176
114 178
114 180
114 195
114 197
114 213
114 218
114 219
114 222
114 223
114 225
114 232
114 235
114 237
114 239
114 241
114 246
114 250
115 118
115 133
115 134
115 138
115 144
115 149
115 151
115 153
115 159
115 161
115 165
115 170
115 173
115 178
115 179
115 180
115 184
115 187
115 188
115 191
115 196
115 197
115 200
115 208
115 210
115 219
115 221
115 225
115 227
115 228
115 230
115 231
115 234
115 235
115 238
115 240
115 246
115 247
116 117
116 120
116 121
116 122
116 124
116 126
116 127
116 128
116 129
116 136
116 142
116 145
116 147
116 148
116 149
116 153
116 159
116 162
116 163
116 177
116 182
116 184
116 187
116 191
116 192
116 194
116 195
116 197
116 201
116 204
116 210
116 215
116 219
116 223
116 224
116 225
116 228
116 230
116 231
116 232
116 234
116 247
117 131
117 132
117 135
117 139
117 144
117 150
117 157
117 158
117 159
117 162
117 163
117 165
117 167
117 170
117 173
117 177
117 179
117 180
117 184
117 186
117 189
117 194
117 195
117 197
117 198
117 199
117 203
117 217
117 224
117 228
117 229
117 234
117 237
117 240
117 241
117 243
117 245
117 246
118 122
118 133
118 135
118 140
118 146
118 152
118 153
118 166
118 171
118 173
118 177
118 181
118 182
118 184
118 186
118 188
118 190
118 196
118 197
118 199
118 201
118 202
118 206
118 209
118 210
118 211
118 220
118 222
118 227
118 228
118 229
118 232
118 233
118 235
118 237
118 238
118 244
119 121
119 124
119 126
119 130
119 135
119 136
119 139
119 143
119 145
119 146
119 147
119 150
119 153
119 158
119 163
119 166
119 175
119 176
119 185
119 188
119 190
119 191
119 194
119 198
119 208
119 212
119 219
119 221
119 223
119 224
119 228
119 230
119 232
119 237
119 238
119 239
119 244
119 245
119 249
120 125
120 129
120 130
120 131
120 133
120 138
120 140
120 142
120 144
120 146
120 150
120 153
120 164
120 166
120 175
120 177
120 180
120 184
120 185
120 186
120 188
120 192
120 196
120 201
120 202
120 204
120 211
120 215
120 217
120 218
120 229
120 231
120 239
120 241
120 243
120 245
120 248
121 123
121 125
121 131
121 137
121 139
121 145
121 149
121 151
121 154
121 157
121 158
121 161
121 163
121 169
121 173
121 174
121 176
121 180
121 183
121 184
121 186
121 198
121 207
121 208
121 215
121 219
121 222
121 224
121 225
121 228
121 244
121 246
121 250
122 125
122 126
122 127
122 132
122 136
122 137
122 143
122 146
122 148
122 150
122 152
122 153
122 154
122 164
122 165
122 168
122 169
122 172
122 174
122 183
122 185
122 187
122 188
122 189
122 194
122 195
122 198
122 201
122 202
122 206
122 207
122 210
122 211
122 218
122 233
122 237
122 241
122 245
122 246
122 249
122 250
123 136
123 140
123 146
123 147
123 150
123 151
123 154
123 155
123 159
123 161
123 164
123 169
123 173
123 175
123 177
123 178
123 180
123 188
123 194
123 199
123 200
123 208
123 209
123 214
123 218
123 222
123 223
123 229
123 230
123 231
123 233
123 235
123 236
123 238
123 240
123 248
123 249
124 125
124 133
124 137
124 138
124 139
124 142
124 146
124 147
124 148
124 151
124 154
124 156
124 158
124 164
124 171
124 172
124 176
124 184
124 188
124 189
124 191
124 192
124 198
124 200
124 202
124 204
124 206
124 210
124 228
124 234
124 237
124 239
124 243
124 246
124 249
125 127
125 129
125 132
125 135
125 137
125 140
125 141
125 148
125 150
125 151
125 153
125 154
125 160
125 161
125 163
125 164
125 171
125 175
125 176
125 178
125 182
125 196
125 208
125 214
125 216
125 218
125 220
125 224
125 226
125 227
125 229
125 249
126 127
126 130
126 138
126 146
126 147
126 152
126 154
126 158
126 166
126 168
126 170
126 171
126 173
126 179
126 181
126 185
126 186
126 194
126 195
126 196
126 197
126 199
126 204
126 209
126 212
126 233
126 239
126 246
126 248
126 250
127 128
127 131
127 134
127 135
127 140
127 142
127 151
127 152
127 154
127 156
127 157
127 158
127 161
127 168
127 169
127 174
127 177
127 182
127 184
127 186
127 190
127 191
127 200
127 201
127 202
127 205
127 206
127 208
127 209
127 211
127 218
127 219
127 225
127 230
127 231
127 235
127 238
127 241
127 242
127 243
127 249
128 134
128 141
128 142
128 145
128 148
128 149
128 151
128 153
128 158
128 159
128 165
128 166
128 167
128 169
128 170
128 174
128 180
128 191
128 192
128 193
128 194
128 196
128 203
128 206
128 210
128 214
128 221
128 228
128 232
128 236
128 237
128 239
128 247
129 130
129 132
129 136
129 139
129 142
129 144
129 146
129 147
129 150
129 151
129 154
129 156
129 157
129 158
129 166
129 167
129 171
129 174
129 177
129 178
129 179
129 189
129 190
129 193
129 195
129 196
129 203
129 204
129 209
129 210
129 219
129 222
129 224
129 225
129 226
129 231
129 238
129 240
129 241
130 138
130 143
130 154
130 159
130 160
130 164
130 169
130 170
130 173
130 181
130 182
130 184
130 188
130 189
130 195
130 198
130 199
130 201
130 202
130 207
130 208
130 209
130 212
130 214
130 215
130 219
130 222
130 227
130 228
130 230
130 239
130 240
130 242
130 250
131 139
131 141
131 144
131 146
131 153
131 154
131 155
131 161
131 170
131 172
131 174
131 177
131 178
131 181
131 193
131 198
131 201
131 204
131 210
131 212
131 217
131 220
131 222
131 223
131 234
131 241
131 244
131 245
131 250
132 135
132 136
132 138
132 143
132 149
132 155
132 164
132 169
132 170
132 182
132 183
132 188
132 189
132 196
132 198
132 202
132 203
132 204
132 215
132 221
132 223
132 227
132 228
132 229
132 230
132 233
132 234
132 235
132 236
132 237
132 238
132 240
132 241
132 245
132 246
132 250
133 137
133 138
133 140
133 141
133 142
133 144
133 146
133 148
133 150
133 154
133 155
133 158
133 159
133 161
133 167
133 168
133 170
133 174
133 176
133 180
133 181
133 182
133 184
133 185
133 186
133 188
133 191
133 197
133 200
133 203
133 204
133 205
133 209
133 213
133 215
133 221
133 225
133 226
133 227
133 230
133 236
133 237
133 247
133 249
134 136
134 141
134 147
134 148
134 157
134 159
134 163
134 164
134 167
134 168
134 169
134 173
134 174
134 178
134 179
134 184
134 187
134 189
134 190
134 192
134 195
134 198
134 203
134 204
134 205
134 210
134 213
134 217
134 224
134 226
134 231
134 233
134 234
134 239
134 241
134 245
134 246
134 249
135 137
135 138
135 143
135 147
135 151
135 158
135 159
135 162
135 170
135 173
135 175
135 179
135 182
135 184
135 191
135 193
135 194
135 197
135 209
135 210
135 214
135 217
135 218
135 221
135 223
135 224
135 228
135 233
135 236
135 238
135 240
136 137
136 140
136 144
136 145
136 147
136 148
136 154
136 160
136 166
136 167
136 170
136 177
136 185
136 189
136 191
136 192
136 193
136 198
136 206
136 218
136 229
136 232
136 237
136 238
136 240
136 243
136 244
136 249
137 138
137 142
137 143
137 145
137 148
137 151
137 152
137 161
137 162
137 171
137 175
137 184
137 185
137 186
137 187
137 203
137 205
137 207
137 208
137 210
137 212
137 215
137 224
137 233
137 236
137 238
137 243
137 244
137 245
137 248
138 142
138 146
138 149
138 151
138 153
138 154
138 155
138 158
138 163
138 166
138 167
138 169
138 171
138 175
138 177
138 179
138 185
138 190
138 193
138 200
138 203
138 205
138 212
138 219
138 223
138 238
138 241
138 242
138 248
138 249
139 144
139 154
139 157
139 160
139 162
139 163
139 171
139 173
139 180
139 186
139 187
139 191
139 195
139 196
139 197
139 202
139 209
139 221
139 222
139 229
139 232
139 235
139 244
139 248
139 250
140 141
140 144
140 148
140 151
140 158
140 159
140 160
140 161
140 162
140 166
140 167
140 168
140 178
140 180
140 185
140 186
140 188
140 193
140 197
140 198
140 199
140 209
140 210
140 211
140 213
140 220
140 221
140 226
140 227
140 228
140 229
140 230
140 237
140 246
140 249
140 250
141 145
141 146
141 149
141 152
141 157
141 161
141 166
141 167
141 176
141 180
141 182
141 189
141 192
141 198
141 202
141 206
141 210
141 213
141 215
141 221
141 223
141 224
141 227
141 230
141 231
141 232
141 233
141 234
141 236
141 239
141 240
141 241
141 243
141 247
141 249
142 149
142 151
142 152
142 154
142 156
142 158
142 165
142 170
142 173
142 178
142 180
142 185
142 186
142 189
142 191
142 192
142 193
142 199
142 200
142 201
142 202
142 206
142 212
142 216
142 217
142 223
142 230
142 233
142 234
142 239
142 240
142 243
143 147
143 148
143 152
143 155
143 156
143 158
143 159
143 163
143 165
143 170
143 176
143 178
143 180
143 194
143 198
143 199
143 201
143 207
143 214
143 222
143 227
143 232
143 241
143 242
143 246
143 247
143 248
143 250
144 156
144 158
144 161
144 164
144 184
144 192
144 198
144 199
144 207
144 209
144 212
144 217
144 218
144 220
144 221
144 229
144 236
144 250
145 147
145 153
145 157
145 159
145 160
145 161
145 162
145 176
145 178
145 180
145 183
145 185
145 187
145 188
145 189
145 196
145 198
145 199
145 201
145 211
145 222
145 227
145 228
145 238
145 240
145 241
145 242
145 243
145 250
146 147
146 148
146 156
146 158
146 159
146 160
146 163
146 164
146 168
146 171
146 173
146 174
146 179
146 185
146 186
146 192
146 193
146 194
146 195
146 199
146 214
146 221
146 222
146 223
146 224
146 227
146 229
146 233
146 234
146 239
146 240
146 241
146 242
146 244
146 247
146 250
147 159
147 166
147 178
147 183
147 185
147 186
147 188
147 190
147 192
147 197
147 201
147 204
147 213
147 214
147 216
147 219
147 221
147 225
147 226
147 229
147 232
147 235
147 239
147 240
147 241
147 242
147 243
147 247
147 250
148 153
148 157
148 160
148 163
148 164
148 165
148 166
148 172
148 174
148 176
148 181
148 184
148 187
148 188
148 189
148 198
148 204
148 206
148 210
148 214
148 219
148 220
148 225
148 229
148 231
148 233
148 238
148 239
148 242
148 243
148 249
148 250
149 150
149 163
149 164
149 165
149 166
149 168
149 171
149 172
149 180
149 188
149 191
149 198
149 199
149 209
149 212
149 218
149 221
149 222
149 226
149 230
149 232
149 237
149 240
149 246
149 249
150 151
150 152
150 154
150 160
150 161
150 162
150 169
150 170
150 173
150 175
150 178
150 182
150 184
150 185
150 190
150 192
150 193
150 195
150 197
150 199
150 201
150 203
150 205
150 209
150 213
150 215
150 217
150 225
150 228
150 233
150 238
150 240
150 243
150 248
151 154
151 156
151 158
151 162
151 164
151 171
151 173
151 177
151 178
151 182
151 185
151 186
151 187
151 188
151 192
151 195
151 204
151 213
151 214
151 219
151 220
151 221
151 229
151 234
151 236
151 237
151 242
151 243
151 245
151 247
152 158
152 162
152 164
152 165
152 167
152 172
152 178
152 179
152 182
152 187
152 193
152 194
152 195
152 197
152 198
152 199
152 202
152 203
152 204
152 207
152 210
152 219
152 221
152 226
152 228
152 229
152 233
152 239
152 245
152 247
153 156
153 158
153 159
153 160
153 162
153 166
153 167
153 172
153 173
153 178
153 179
153 181
153 190
153 191
153 193
153 195
153 196
153 197
153 198
153 200
153 204
153 207
153 213
153 218
153 220
153 230
153 232
153 239
153 240
153 241
153 243
153 244
153 247
153 248
153 249
154 157
154 161
154 163
154 168
154 170
154 172
154 173
154 179
154 180
154 182
154 190
154 193
154 196
154 197
154 199
154 202
154 203
154 204
154 206
154 211
154 212
154 217
154 218
154 219
154 221
154 222
154 224
154 227
154 228
154 229
154 236
154 240
154 244
154 245
154 247
155 159
155 161
155 162
155 163
155 167
155 168
155 172
155 173
155 177
155 179
155 181
155 183
155 184
155 187
155 190
155 197
155 201
155 212
155 215
155 218
155 228
155 229
155 234
155 238
155 240
155 242
155 243
155 248
156 159
156 161
156 162
156 166
156 167
156 169
156 170
156 174
156 177
156 178
156 179
156 183
156 185
156 186
156 193
156 197
156 199
156 201
156 204
156 207
156 219
156 230
156 232
156 239
156 241
156 242
156 243
156 247
156 250
157 161
157 164
157 173
157 176
157 178
157 184
157 188
157 195
157 197
157 205
157 206
157 207
157 210
157 211
157 217
157 218
157 224
157 230
157 231
157 232
157 237
157 240
157 244
157 246
157 250
158 161
158 162
158 165
158 172
158 173
158 174
158 175
158 181
158 183
158 185
158 190
158 193
158 195
158 196
158 198
158 202
158 203
158 205
158 214
158 215
158 219
158 221
158 224
158 226
158 235
158 245
158 248
158 249
159 160
159 172
159 177
159 180
159 189
159 190
159 191
159 199
159 204
159 205
159 208
159 211
159 215
159 216
159 217
159 218
159 219
159 220
159 221
159 224
159 230
159 233
159 237
159 239
159 240
159 244
159 248
159 249
159 250
160 162
160 164
160 166
160 169
160 175
160 176
160 177
160 180
160 185
160 187
160 198
160 203
160 214
160 215
160 218
160 220
160 221
160 222
160 225
160 228
160 232
160 244
160 247
161 165
161 167
161 180
161 181
161 182
161 185
161 187
161 189
161 200
161 210
161 211
161 215
161 216
161 218
161 220
161 223
161 226
161 229
161 231
161 236
161 239
161 242
161 243
162 163
162 166
162 177
162 178
162 182
162 185
162 188
162 190
162 205
162 207
162 208
162 209
162 210
162 212
162 219
162 221
162 222
162 227
162 229
162 231
162 238
162 239
162 240
162 249
162 250
163 164
163 165
163 171
163 172
163 181
163 182
163 183
163 184
163 188
163 189
163 191
163 195
163 198
163 200
163 201
163 206
163 211
163 213
163 220
163 226
163 229
163 232
163 234
163 238
163 242
163 245
163 248
164 175
164 181
164 183
164 186
164 187
164 188
164 193
164 199
164 205
164 215
164 220
164 228
164 229
164 230
164 231
164 237
164 242
164 246
164 248
164 250
165 173
165 174
165 181
165 182
165 184
165 186
165 189
165 190
165 198
165 201
165 204
165 209
165 212
165 219
165 223
165 227
165 228
165 236
165 237
165 238
165 240
165 241
165 243
165 245
165 246
165 249
166 167
166 168
166 173
166 174
166 180
166 184
166 189
166 193
166 196
166 197
166 198
166 201
166 202
166 204
166 205
166 209
166 211
166 212
166 214
166 227
166 232
166 235
166 240
166 241
166 243
166 245
166 250
167 180
167 181
167 183
167 185
167 186
167 187
167 188
167 189
167 190
167 191
167 193
167 206
167 209
167 213
167 218
167 219
167 228
167 241
167 244
167 249
167 250
168 169
168 172
168 175
168 177
168 178
168 182
168 186
168 192
168 197
168 200
168 202
168 206
168 208
168 209
168 211
168 218
168 224
168 226
168 231
168 232
168 233
168 235
168 246
169 170
169 171
169 176
169 186
169 188
169 192
169 193
169 196
169 209
169 210
169 211
169 218
169 223
169 224
169 228
169 230
169 232
169 233
169 235
169 236
169 238
169 239
169 243
169 245
169 247
169 248
169 249
170 174
170 176
170 180
170 181
170 182
170 187
170 189
170 192
170 195
170 200
170 212
170 214
170 215
170 226
170 235
170 237
170 243
170 247
171 172
171 178
171 180
171 190
171 193
171 197
171 199
171 203
171 204
171 206
171 209
171 211
171 213
171 223
171 228
171 229
171 234
171 235
171 248
171 249
171 250
172 175
172 179
172 180
172 187
172 190
172 191
172 199
172 201
172 203
172 206
172 207
172 214
172 220
172 221
172 223
172 225
172 228
172 229
172 230
172 239
172 244
172 246
172 250
173 178
173 185
173 190
173 200
173 211
173 213
173 214
173 216
173 217
173 221
173 223
173 227
173 239
173 241
173 243
173 246
173 248
174 183
174 188
174 191
174 196
174 202
174 203
174 207
174 215
174 225
174 226
174 235
174 238
174 240
174 243
174 245
174 250
175 176
175 179
175 185
175 189
175 190
175 192
175 203
175 205
175 210
175 211
175 215
175 220
175 223
175 226
175 233
175 234
175 239
175 249
175 250
176 178
176 179
176 181
176 182
176 183
176 184
176 186
176 187
176 190
176 196
176 199
176 204
176 209
176 215
176 216
176 217
176 225
176 227
176 228
176 229
176 235
176 244
177 178
177 179
177 182
177 183
177 190
177 191
177 194
177 196
177 198
177 199
177 211
177 214
177 216
177 218
177 223
177 240
177 247
178 179
178 183
178 188
178 189
178 192
178 195
178 198
178 202
178 204
178 210
178 214
178 215
178 217
178 222
178 223
178 224
178 226
178 228
178 229
178 230
178 232
178 234
178 235
178 236
178 238
178 245
178 248
179 181
179 182
179 183
179 184
179 191
179 195
179 196
179 204
179 206
179 211
179 214
179 215
179 219
179 221
179 226
179 228
179 233
179 234
179 237
179 239
179 240
179 241
180 181
180 185
180 186
180 190
180 193
180 195
180 199
180 200
180 207
180 209
180 210
180 212
180 213
180 214
180 221
180 222
180 224
180 227
180 228
180 229
180 230
180 236
180 241
180 249
180 250
181 182
181 184
181 185
181 186
181 191
181 194
181 195
181 197
181 199
181 200
181 201
181 204
181 205
181 208
181 209
181 214
181 215
181 217
181 224
181 225
181 226
181 235
181 239
181 245
181 246
181 247
181 249
181 250
182 183
182 185
182 187
182 188
182 189
182 191
182 193
182 194
182 202
182 208
182 212
182 216
182 217
182 222
182 223
182 226
182 228
182 229
182 230
182 232
182 234
182 236
182 238
182 240
182 242
182 248
183 186
183 187
183 189
183 193
183 194
183 196
183 203
183 205
183 215
183 216
183 217
183 219
183 221
183 224
183 228
183 237
183 239
183 240
183 242
184 187
184 193
184 194
184 199
184 206
184 211
184 218
184 226
184 227
184 231
184 234
184 238
184 239
184 245
184 247
184 250
185 191
185 194
185 196
185 201
185 203
185 205
185 206
185 207
185 209
185 211
185 213
185 215
185 220
185 221
185 226
185 227
185 229
185 238
185 239
185 244
185 249
186 187
186 189
186 200
186 202
186 207
186 209
186 211
186 212
186 213
186 216
186 220
186 228
186 230
186 235
186 237
186 240
186 241
186 245
186 248
186 249
186 250
187 190
187 191
187 194
187 195
187 197
187 200
187 202
187 206
187 207
187 218
187 223
187 226
187 232
187 234
187 236
187 237
187 240
187 241
187 245
187 249
187 250
188 192
188 196
188 200
188 201
188 202
188 204
188 205
188 207
188 214
188 220
188 222
188 223
188 230
188 237
188 238
188 242
188 245
189 191
189 193
189 195
189 198
189 205
189 206
189 207
189 210
189 215
189 216
189 219
189 225
189 226
189 228
189 231
189 233
189 245
189 248
189 250
190 200
190 204
190 206
190 208
190 209
190 215
190 217
190 218
190 224
190 228
190 229
190 230
190 234
190 237
190 239
190 242
191 192
191 197
191 200
191 204
191 208
191 213
191 214
191 219
191 222
191 224
191 228
191 234
191 235
191 240
191 244
192 193
192 194
192 195
192 197
192 201
192 202
192 209
192 210
192 220
192 225
192 229
192 234
192 237
192 240
192 241
192 246
192 248
193 194
193 195
193 203
193 210
193 213
193 214
193 218
193 222
193 226
193 236
193 237
193 244
193 247
194 195
194 198
194 199
194 201
194 202
194 203
194 205
194 206
194 207
194 212
194 217
194 219
194 222
194 223
194 228
194 234
194 241
194 244
194 248
194 249
195 197
195 198
195 199
195 200
195 202
195 206
195 210
195 220
195 226
195 228
195 235
195 238
195 239
195 240
195 243
195 245
196 200
196 208
196 211
196 212
196 213
196 217
196 220
196 225
196 229
196 230
196 232
196 234
196 236
196 237
196 241
196 245
196 248
196 249
197 199
197 205
197 214
197 215
197 216
197 217
197 219
197 226
197 228
197 229
197 236
197 241
198 199
198 203
198 206
198 211
198 214
198 217
198 220
198 224
198 227
198 228
198 233
198 234
198 235
198 241
198 244
198 245
199 202
199 205
199 207
199 210
199 213
199 221
199 227
199 233
199 235
199 238
199 240
199 241
199 242
199 243
199 250
200 202
200 206
200 207
200 211
200 218
200 219
200 226
200 227
200 228
200 231
200 233
200 235
200 237
200 239
200 240
200 242
200 244
200 247
201 203
201 209
201 213
201 214
201 216
201 227
201 234
201 240
201 246
201 248
202 203
202 207
202 211
202 213
202 214
202 216
202 217
202 223
202 224
202 225
202 228
202 229
202 230
202 232
202 234
202 235
202 239
202 245
202 249
203 204
203 206
203 210
203 219
203 220
203 221
203 226
203 229
203 231
203 233
203 235
203 236
203 237
203 239
203 241
203 242
203 247
203 249
204 206
204 207
204 212
204 217
204 223
204 227
204 228
204 230
204 231
204 236
204 237
204 238
205 207
205 208
205 209
205 215
205 218
205 220
205 225
205 226
205 234
205 236
205 239
205 240
205 243
205 245
205 246
205 250
206 209
206 211
206 214
206 217
206 221
206 224
206 225
206 229
206 232
206 234
206 238
206 240
206 245
206 246
206 247
206 248
207 208
207 212
207 215
207 216
207 217
207 219
207 220
207 221
207 225
207 229
207 235
207 239
207 240
207 241
207 242
207 243
208 210
208 211
208 214
208 219
208 221
208 222
208 223
208 225
208 230
208 237
208 238
208 240
208 242
208 243
208 248
208 249
209 211
209 218
209 227
209 228
209 229
209 230
209 240
209 241
209 242
209 249
209 250
210 212
210 213
210 218
210 229
210 230
210 233
210 234
210 236
210 239
210 240
210 241
210 245
211 212
211 213
211 214
211 215
211 216
211 224
211 227
211 231
211 233
211 234
211 238
211 241
211 249
212 215
212 218
212 221
212 227
212 229
212 230
212 231
212 236
212 238
212 240
212 249
212 250
213 217
213 218
213 220
213 222
213 223
213 224
213 235
213 238
213 240
213 241
213 242
213 243
213 249
214 216
214 224
214 226
214 231
214 232
214 233
214 234
214 235
215 216
215 224
215 233
215 243
215 245
215 247
215 248
216 217
216 223
216 225
216 230
216 231
216 236
216 241
216 242
216 244
216 248
216 249
216 250
217 219
217 221
217 224
217 232
217 233
217 241
217 244
217 247
217 249
218 223
218 225
218 228
218 232
218 237
218 239
218 240
218 243
218 245
218 247
218 248
218 250
219 221
219 231
219 235
219 241
219 245
219 246
220 223
220 230
220 233
220 236
220 237
220 241
220 242
220 243
220 246
221 224
221 229
221 235
221 239
221 242
221 249
222 223
222 225
222 226
222 228
222 232
222 235
222 239
222 243
222 248
223 235
223 243
223 245
223 248
223 249
224 226
224 227
224 228
224 230
224 250
225 226
225 228
225 230
225 231
225 232
225 234
225 237
225 238
225 243
225 245
225 249
225 250
226 227
226 229
226 230
226 233
226 234
226 237
226 239
226 240
226 241
226 242
226 248
227 230
227 234
227 236
227 242
227 246
227 248
228 238
228 244
228 247
228 248
228 249
229 245
229 247
230 231
230 234
230 237
230 238
230 240
230 247
231 234
231 237
231 248
232 234
232 239
232 240
232 242
232 245
232 248
233 234
233 235
233 237
233 241
233 242
233 243
233 245
233 247
233 249
233 250
234 237
234 244
234 248
235 239
235 240
235 242
235 244
235 245
235 248
236 242
236 248
237 241
237 242
237 246
237 248
238 240
238 242
238 246
238 248
239 244
239 245
239 246
239 248
240 244
241 242
241 244
241 250
242 244
242 247
242 248
243 250
244 246
244 248
245 247
245 249
246 248
246 249
247 249
